8699116721287852151182423726051566032030347681510912339301100263
9704678334735648929206329255983073357095157656942394769763716163
13046815299958951421849534919208449879718002370623494430491309281
10940779331813677921680310222192559433865638790224376186434107219
7539338935268449552111173276199364578398729814899700583175101377
9253664634073777685987510621962752216329050587102337236557460911
9371505457349376876564949754465270161585731157258357191934312237
12335195691222508255453734877986427765434818839011328996783118573
8331277287976350441407915944248284640158906628676577453085912667
9380658244429326631333438356530427419427890012689660895077614709
13073998804753863550622039941089637006590250864845829697805752969
9685332616328802971384492833168374735809666456898445070739456527
7019282290210132724865210503699506139436099181312795221639628031
8752951475044895615292914800117846218485917353761171922138106829
8381962746060493467501125113847512035018447887570042910507226169
7711380372979657990848299158020897171052476800666088737183992243
12156627595221422391226560696967309051594834864373323316119791343
8768563915291034784480971016674098336989637320889219987659595409
11697423265553672132543167551862888987537814275313114541111380333
9045552466709709485235613817805918039301050235791028958237368339
10808478870973493707402357294520389528898615292986577126700321663
7752866740186629749982226707712230005738767708608349990634333687
7819004463368682024165864464790481089405587167342408651258203473
7761994777480952053295445116815669335248405481843947496223816009
10670439816260516012281248317088764045526908102610613059280969543
12515509752002050965992551080380126298356121199008030085343921701
8177286162439632224642912013691583577293827080017385255891449657
12029556305161492031682651061314986766350262879211929744328638211
8024019807858456965479374383333859981623981406947650559309527747
10415003365400924696979570579041142411699227455928477155959315857
10455238554638007724653254685765217555357587575586383761588344037
9871129185640557893554761467737393630141101484098696399638943619
11016629484385497500307254894300956169742330458921790830438846351
8688299468550271521869702109023058264254798482365289991660094847
11719127448763232411054733907834623236568370889805061968660109681
8631580031253199468849709923073000372389103918748631381074351037
11706887251649554627819394187634944478065280784910322712729115943
7751666986439635104138551278380289229705240237517000753125819989
10705103080601944853430380958138108892980590777577102230422348691
11550956415759350755513425237099511546137658451660729257464263387
7189025416209225749942109817004946232726641289549368407471272399
10345826915835916224949945299784023473579392644439924426489650673
10923208084962236433914498995462911138016139499333382425067962989
12323540694359430085182763881432459054390638240783722652660479361
11035329585491713496260179448231502766001043476345365100367320909
12749188773438203918824335301423008014469470163919901846745595027
7346795403485332843856033044172488072977377751318367945552741879
11720892976498497135387626536572954422415953913526247276963609171
8478767306715356957657382123031657218388468732358508212102246437
10663818740912460571692622436127624223697214234734032583702048083
6771972390640387181465796275839516300635103043230296003385593917
9157537655874669686801719354091487562551229404506410877764523029
12582818385604062861497364935672912243255239341224097132005544583
11408241163483620216589436138162816949472890617405748873002922139
8029451881450201232905988157190479530363894237076969020531339633
10963920507955976142707857921486054072526057769070928112460997897
8021465582277584557048510745295029513431798303729966864256684983
11004728828928936999242457504120729627321618037392447196069836683
10662519989400621820489149929202053825629688188451473953355330327
10043520130659044737622865285320896063462785144608024473673912261
7010926343962784082071319787060308971192074264745966684305192007
8596428777321685111534144043949181132627804913864655555028761679
11005812882306916682578404727042335483034978933645424519258299801
12483641046429770303325165230391932700606677764397931362294128409
9369793917973387470453112840962637634704135172084979086383780661
11599997594839303505023883492027882036144578472318548545179044499
8025266145306290178659939793613589345713383510174403673713555691
9553096161782221120977659123215696933083978205456244056342422793
10948170455331671043680336273942796603287147925969649646097441293
11300179955586592755232931282391236035730648067583460388313601953
12983131716988531441363928425372367110695198517002613907929163861
12864287815722373207234349329266416659904695395411832733181086909
10055754289020425248152920682011165045114855762455039209851693327
12366055335488457767123530432263440391991851438246533769126397993
12121689227490008675900635769280756016880656328357768558729131481
8142820315133153074682769467537312762825136590927592515258534533
7127931180965774229278250029919548110142867939975735747104637453
8484622336793482901355916933366775899448654046934748611913410799
9383144351548570868633009355272739856074460556438465674465516451
8020805686822721534184324669299180176365151093878826454634537013
12672636180826246076401487574198337965742969730237150952833679511
10094650790537173520806488655188188792184676767963710105648895649
6607092738853599431381240541936491154517288728779835221990945903
11570326443739558589691829483565802749897573820038028521558940377
12492075207769000258659860451515064503908020876267398814990469783
9927488273220797199853270619562466297268411875339837210227527293
10870687861073837638740434059796517855135856407354625026061817173
7660020567278910135150641029125284896020893254568987216213684423
7861058495796998015469296700735505069718915315824262122041677477
7157353125299597717751862470393456488828599841980938777830139137
11625546536353624321059692467097127362570975197543473868001486597
9153893401354106940750927123551018850003170905141922514225060167
11905077728214511413429409197965203154824461198321397563239482169
10223478072942929237201974509651688533555304190295246152027856781
7430858956914471769840462735291835185639597888097030572146584309
8965790532607473609546426971396275113954953475106253033874151853
12038103565912165688794143518507716271776691923648940751470200511
10437197709002194726771930045934239491080603329704159150787995019
11413882758044998516014679522499851534087918869732112163419171549
13008416571672107025675975416336097371174053557981062431309453379
7558013332388798563785272267968790764552458932636106745418071261
11225439341898974238431218180873039659512097935321852854078445669
7711322598865807933444953036112315359186639433672174928753938739
7618086758905668810833911466552515785513726579155798120050094423
11613030669615384303763211380981153966440471511952236916438554189
13069960647860458936827408268307585978613687774755090958159939389
8913859934747961381644426760806536032010329384041537061330302831
13015152199795045484328424077272935632753594503247151201434371677
7653940308559334366186977968807480691154872083815712478739620297
12651471000825070722503277692077380062145536275934140628084429483
11945045007888784016688871560920867033049728798445214841892035029
11167625991754998543327621342533934818767093805589757736638231309
12026975564381213196634142572540182362649581682216450089832415921
7901749480288459945331671426435824329593371841567264509485014801
11116188458098741212248007842289683065747505174313283264250948617
6997980867748832693622207601314769326395550368351801116240098343
10664642713237180315794714145891797495672065998149244675675238363
7668636986330209986704745636709758183789585225775893140187751783
11530082422003167675681146149681788635011769196715142503998586861
12107531131890343683181103587882459515352425090430377404400864791
11563147063720882662217825811562481949436621042624770038545069463
12236292337436121995960185865781831084442789428292414152668735381
11459380685677514668457298970232919971364772412143563261639938443
6903666216949879251630661845655278347145555554729501112012947633
12277619007225955575744287941308001106505114852226912768025718053
9496603718498284090554436335027911128111130376198589984051327733
12914590261574662317268566897140758433539860191360388276754023637
12811780625249632571452086503005029404825645641193467966119233731
10085757982118393836316011670175904074887062956269475579780231187
7960239604436440720939019938749611583657980373053076412390920317
7063792729982311255166920893456018058517523989997819143787836207
7631763278348924605523523071068586518660114162878348061069694611
7796751198495681030192093825488624722750432121605053061710137597
12362546280535034481150442405514112464989669270170664586750319793
8450154230422344011801604289943786246569729258520611994382370891
7469464105958074215775507911792065209867629703022568201774107189
12108971462067045951860106473804530195788376042448371029458667187
10997901747712706574891061854032264444876203917757526998273451753
12764959602329365376606105851557783444667183962040262474977278499
10347097632446594365255770795704840341678028102421009034558636427
9114687646686023462115802657535225369934182300896280547453675391
11434810887268318978097036154925588826812901526673676552829188663
12972683416346144757525875868955237759337587433088822074342842993
7689884214107107651901823785694917656461458500752971190550160251
7029950463147963956168915063068982827338273414787974855371632979
10216169016173016776726624506909997639089244343430971258329297603
9829565283700505611601581458215720572173858766153570700031274553
10555098691978175707154853858702660934949548075507530223485253397
7765043224407625734276279410593619648861422356536609529645317821
11188312362650392691049484595533055237087573158689559073156287127
8322934034136605905410770025465474839073179141865071051011516949
9287599722682753603519976712410753736064036797062354423364561769
6976387706495985292665498796590802343080555569650670207195742343
6743754408389934812169537642266842522413309225811764456242866429
9919325166737719149637328504719197692529190029398256494407735051
13053190445286546707229631665385098947970376132740163235108266963
8442889956795212360045734426936639935103441057756610461669254043
9363181724037944896789380325434429676135773496145946074403904367
7616115530748294712624537552163668523900409048531610524974883367
13005935064557875949374743137737293006641825944822500013962797849
9443952490338251358937625096599647258955465033443382133252009929
10222803245415550478893058754375131574754703120220066710049525011
9501765757289162803711103578720453327157185680335923394087251709
10295010464445659587004826605130035372896348799891469563530812179
12930419310303259950874231734278887612535336346986305014808894751
9551600919456864136980961590628380602639987243942852720859275773
8909170422754495796880228553220753079437125172170492320091341241
7241508491351393773433192540778457096494539809996860393390336817
9771428629967802556603939737776987967460618154963502535833899891
8442621283446904290746898251180207969563615180740161528375785009
10756609579638957472765325828852619256080574987238546262002644331
9095072527951191214704091263382226939458080542380673026933936421
8529143393859412409414228340925898387391102617887842993926141639
10751069811238135380456642135989267679723518421061736328492628739
10604822172502416556799406990067554030093250108058865961809428111
10338831932766227214435688433450070997601189365224368746841583247
8843012835830011565891475170757771919563679260743324570543692081
11009917841577671923782066825099855358960604153006211994173225437
13122839297923013772042030969232051634028561781764991146643247449
11005424205358814037671215295953936450970046002594086185457953221
9002764405150466993587856334164481868918082882412193931490164029
7975769487373884949201472764009673649519579420439804661819117009
8373469090211364726568489223340604537564172830192433024958791777
7329215425646929455649810576238618764163708302424086775512645649
7589193194271461580487246475303039790622948219391616006708218711
7739041420206301172203082330548416374787175711137397279514774767
11573006861229528700538967764199936002761067868857099209501413557
6893772976803899775883281677337877190833183327902744088782081547
12739598699845043929984549797291022012205723727064054440624913927
8209680732556075209685174153205867597551626943071652095131498213
11815617171027061989000638703958231788809914417915026977814533467
6959921354564709344734658740285226909629399919085106583754939251
7228737331831125749646793456889083468903568847795339102485609669
9598642331897531599426612601698990361889172264957669428434398769
9280392757098911209895292361078931113132681886813565246074103871
11814804186746846353577247678483689289157705769976782668932833419
8663818586507712973281480938271291446158614143687239373986758121
8180034112347795388839189761190243376348963189388678843168113243
8251440329880998206856956682940597861545233314492388865274067939
12064228893007742033558867401377626828611264470572833743162510917
9410409715184524313401584581407749885358435362122508941107337323
12154743634417552156427858510857179095176890088410699784447847449
11836930067822408972010755246456395923166968783471833452271638187
11462606861007731905317326278790028664213650577163978184997099847
8393703700932197844716876854869904532560628251029068147151991249
9717620584387010753306270654254922054925968353558157300726317367
9940760887650892169533533321556032342993992292719490201866526493
11151970071698707630168185004181182927799421953625593241034391401
9266956701562324770708749576829494656581453819933249054268956311
7022803657453823488857403570759517027039145675815565743952885961
12852570618843312189298520995516137530969575590415791228688413463
7692389229618643829662932779293597257676987564706066457306192347
12482360401735677900854458832254254123507138469580709417505086073
10997264127424524732377186402359983240859695316227586339267735667
12026915803850965561008881032653877009790123757914504450076914227
12883666927699947684921538548031902970525920037242449323796134717
12054953822532990025845778151218633200798951818273909644675594687
12843297146598570717409391566805138235049300931934969085266388277
9620837611678215795411388230869403857904034480558825747494662987
7722455488256211541496171777905971704667257789308111263169943609
8665828684344746303184520262439567412500795557622482758079847439
10329523456917027779780446201272735135096148405996717446647132371
12319372855617295232858381809160608177593469267704656141319266959
8053722229605227768983992734008756620719107412291452942698848419
10881852857619117047402981001830090906310016948258822323950230327
10490050721482826761169855174629383698887771294710250283523688493
7201262896621683437864137675232584887204623388271255638546506839
6847596474095764544700915081048576585752425182807322806194812627
7843338642685942635906523982277391613455116687364629083601462713
11289770111708012608134776848268042438674798583693581598399283431
7633076489617236809448214006270401718460172919605043194410636467
12988243836030233172716065963815606134112466884045522577497352963
11858889622908598446925160683406974610679769643098359170559315589
7589792829799323281846210025384092614368429578701997338205016347
12678296383252653747582321159839043363376405270675321383232660639
12676076800451741521450206155615971927792617085717110273333336949
9861999204100837352840644605963357768630152966486932470058185893
9960672692303261861586313070116089719770111145660941884311859559
8619437575684215243428000375015317653108697523557685610362512327
10866533758889581595535873826328373365868555257302769011834060627
7542433301351024453877263703125739190116162141075425249273968267
12124593658529195994869663699527340008757109734308497800757079129
11782146737858516458520819638231061009146005441094923986361090757
13098530274367624515945631335062315658765760718529482108470745257
9876242220580875446777003871476104938472238653388895560183855137
6771482542752941956384363067938002383957274511079722545902395283
10807907802331657632204148266075882437728195196544732945638600939
10686644410589750983926531167275502064275696396859049067113642627
8930438453747484748073319734710256956705068470412249361408945379
9260127259211367772438250782732370952125242057723095629425794127
9770069627918064325534572265645867960067449150433162225234317229
8314125143134989463439022910707984885844113731822887330541019713
11025691767860908009745653006293624894109632918031000213936422871
12409267037978614142816611427009670284747512135626829884516717529
10560809479648064324634448103730015561738724453757875130136617993
12964358520677633891931029272711846569613462160816000736759815507
9587641215354780454297471530975262416817008342103700150370100781
9805056776334822184573989478703050096056729783793316074655898667
6648404421810442406902168463813731187769594132910557159885729227
9364104219759998067552587170143454337827265671640464829525254769
7820804087203890952978459248724841811117622099739023220972380247
11321119775737582729963993799239474777728968560984833499455884189
8292603876197655468666886872765252769116707346352297202180255867
6789519570558547761327794968094527105093372819840846772340412049
10407609809544118035061290790975435356153757574326468984467949883
11871410811874418960965998626935409374297467227498367547484852971
10252851719417001752700302317670272673469772028592711277562557903
7106219330401936555852487930879141203689777880598548088867109203
9242653909018588425765841531357048147576697992384455717352970113
7192724894347441534564428330378385155220317798009087455082313013
7815975474146815530000470763542823054661012246477472344018645547
9882745344518491549545432135165236367509768653951115179825843393
13074869926930779937948702219371473374665384985423521377565456971
8462757374139420169475662618984664630750049747340576905908386063
10982940989046051419781165555080695512252736348028252131971551123
10010014659318382691955906164904324830384658083716165781632189111
8279320406906586950985865711945422917412771679150396153750672739
10867929632556706119205034822804523656801380064146614214308155381
11989211182019444360571905396789971691079121293496257044501036153
9140732719303954952731744045124402719252174588155383289080057677
11547827722823044984663179747284117993737287563290077129087435211
9895258290034991396736803094591746773786990044325716662008132537
11901573571766587882540864236523415689113696126681854561150098687
6813665715086042622775608466147989676625947877055468949980510109
8972162150776814828695410387478107258473099133697291060664227553
10568556716352980854854009658402609270161408964757540866626691537
9438038112913919236055847279223236897376663772963960328387683021
9895135483434292377541906330960099284666755736709502328208767313
7533787746224248407311690423731447092851493293883643625252541091
13044236596194762537866635530393272652692159702363821512167271187
7055977237443578623181730433972244448803375500719865283539917017
12682450039804414260572576035634666346842342124301707044913890063
6883273221756867202882021420350789749169635125646288736185627411
10496719007072721485747870040170509296712461915066832926465688847
12453099092698045164483215529227869514376708363326456807684771249
9337178003616556495593762507473987506095747981714980753620612813
11837482500328310098409097780345069455450442121422644131332666073
11739222171558093158809947185572320800571312549839977692610989577
9290459124170946382913055564830621264388410797642687653939440501
12649292950904390262638386151603609331206671244068671192312851293
6618565098217579595085479161282626184576361807754151520381549873
11480756264369098506587774689761348132511768697207743311095160911
10700062072702955920072865446366141979339010287935135333647135679
9158928276337515006711942949735890336523961108720633839252690783
11669440780173732644066691691830172153737698934221674769077004063
8468515944580684759576553093670938409424427499928542906626183951
11627160443048676832321257007296508935391940369005282089656580121
8179570746985853728736107540342234678219040382202848026846325121
10790364797813793013074178897464207404992303284008318159609725789
8198441277559629607125786927456661990131417595838060488775820449
10964417066194271909328825421190186903042494112226398499239757737
11003954113256468818232230729778851375982307691434921058591911031
10793039379533746844787104521493424828072047920001901097234269949
8633224429276393070564656285435948818126900841185948482654187827
7820780124533635641204028768341061127879135920048048966187086183
8389780106875488189372911308627340089485816654372261751198831579
10769478496004351892099850463694901341490959535029406874256235403
9354994381009574199998568714737072845389544301558385887433764041
9206624930686257152767966766311859674144678670741706816379305493
11842082070827865642311486640421324450977296899172050030886373163
7642928183162342636293091923658720584174226075379739934305066097
9414302861335993374294744800925949641709485813382466447189801773
10763469882653863508500377378152661906267021133949277423278674249
12519805175347569668396121269540518273848775162379247449872885577
10439140143833669688652701243801971360711246832235756172914204301
6954496105031290740042714447513911066070201330793641231316532941
10475090527165527004813392302353467944459376397493520658962133271
11440508743064143981973565975224437150310323276193674115362039027
13158926506925183228913463889563290861281957943537951336778682047
7150324458359507446762375028449115755475222505646376459046395591
11462396678344490383425634907184893355106936505836879490101787413
7672564891118006544405204667744403580538774985979906444071579429
11670354773209190754216836775277488140393393339476785188200955099
7764933163542943568279106277513591813880768387345855713295932583
11989380526230419973366336872225647991075134405517633680459553063
7411838195517507416391728622739579703551548583095163993794153599
11662253301311981285019494443577330563531221456340678631217324299
11032745399318377103687553356733014281148038184364984057265011869
9660456045820117365949062922759577166401006562735493720431966881
10491243181469583641591268257018322139389333944750126979534402623
7261306011626657114300646053957405176305405156134343506569683449
12209054077228160088547793554053582260421464078760967702424332327
9685795675792533306158237575639083566081808076971815153497487579
12107805755831471048934512427094931879184317827845091691046127931
10147690386309725033073812273735490630986896896405849152630696701
11963604493844259487659687102613448973220264945058947205041686169
8177316994461302495965081429503639975710637218161762739770158013
12154957673390062914221869689551275617152776464723835103157270727
8589916825102790868919182796290731442207370010486448237461154649
12411894051118232602700095727990010720342000856905614458088391541
12369200869065883381168478842278445848415496440640749605843440467
11455128732081084693726749130101214380743960475364043125175903933
9083417711291064800792406306679335470710556447854511651561619863
10098150441687257356597287723505545167524536548210859866718848011
8252262567631657794926902271602338651911234374914484039208332727
9528797834446083638087104265701523054626748878390635237577007377
11222879697157532323837848934498916596098137906471506660239293489
7468592286264134922722232583554772552491124153942734324397008907
12812104243287200096679106849521273754646449361849892272267545729
11880238863647981161136835792680161412960085584441299636085649743
8504971526288053035064316611788002725898296152782116292134471541
10251294185469842684467531049717721303589419701576137604228306959
8349741462179550279164147760624358212687958344221166125756913379
7629419269552788279064300760821802733944190872565878183526283193
8730454417789465087907209084182432287873338571907653600432891909
12069694820014092621463678953805676018964985989994110025277434823
10675420714410530429814747070713580812489357460800271942142949907
11682720709253619306505172456344091650570384677600906695834905243
7923878618660379582935132952823637506664315315147107136244320983
6832310604488293398426169951624926679625860887607705093173436127
7852895401953904161928838865471166233898741634761053525360478687
6997628466871569317963212669030415869594653229073938481007354091
10053742694187293476745940452913989506539705974079008256506675501
9372199341333327664769645294758364533915340715283289285059229429
12609611847164496799128402146746760036856256208971234251156663943
10887248999361775949688097001744468613895961817077613004920292561
11598994162552998690840941434792929088579562069978344782143968961
10498156116725061282544181455539712929849823902843149952049329623
9184225092470307704655831814365137011602488011168477160765443177
9229613353120537136907109048262162443662180762005607191911396777
6601091068316986255415951798528561620545670805560808657475704207
9476227596886038941078100106067599574981222301555645847624116301
12388314936141838339543017563963385995903575902835593002168441539
9256748183068390168695469468572178833862966610294720210652918991
11556259300111526653632639086163923956330255735109661065111397541
12463483558091090507073600502439897247720193521332049292665454151
10127181203034009840532079920816414949758553072685507196873128937
13013446389906924167547407698082790108107840661875297395748042819
9942047908186421238147850547057087543201107522423631325357079109
6831299194581458912032740430517180497638406917362873196091167167
7808908335431706551975109271017185410507740007677813372872412571
11901360575544258815085149072405781765887021192736253053771200539
10933628050677804413558095743193654719068051201338301746063040519
13078855524349066263444999221529030175078087328355885355864754933
8734358682923310395826536845322728057807323628204733530593602449
12565278161749667328251426828911655687926018687553577245519028253
8577925248920698919445999311691406299155628601633044410747750999
10101011542548934645680554938394269498137056891141832112948381687
11070744508826817346684429829536879010792214593283283360994162509
9812457491145313387716378321306580621845860132129279831025282641
11624401532073098893601427125540638908855311690646375092355200747
11201396882605800148230030941809070593003789357023719470420480393
8809459177900213144117393608271855098216740300756389708276570993
8029507207854442326352343408120380318559401559715107286462535441
9979628546267686667547222209741343144546318513375104645329263059
7910009358049055542466984880370861697031109380282285110559847723
8949923542321157329512613330842457233977715925497927998391297781
11637864602550557019607552849836147551297117254137599689601493797
7858075846300699724315363772077193770012204421651002870434344011
11765908385220243628676602913859852207763586690367437710080321859
10727830322408170739136639193304110111215111230770700623709407741
8675394218529227097226591383093335543213544549536426567921409893
10439825319543556417262412881621332634884111654372771867611097913
9575522665548788198917037763601208045673921429573277913226488191
9114017607210930894922456818445646860113768674763264019269738671
11208455939743427912783037084980128574331336988379986038333403117
10866263919152093177281732064851679285350680640482001186534739953
11934884382949603797312725330689150541060646538422286300435767473
10419884423741847721395196142637052141278199907814784432689595417
9519850478934356455431248136527078371577712899329188463532559799
13042398329132990443254176257224598916871503554938545302066232867
6583396692900888906266061894931777968816514419311896145823016051
7599173858419453777052677278638538774595552817460057641137828489
6941380650039290280246696596179495890580388306592754607921995297
9779380868019703494410829811397391075170704829307068383808464019
7354620794939642898466935176473364456534218946353258605902952631
11230038944688444217814493403376343252684609681944637769491541259
13018621420712841331510766680969197575523576662384836552677407593
8048738480019158574823711743442791380594367246516563322291904009
11008400392504474665917713717257884464263198951521886027337215653
7993962575782768044432231491644381103072518730197475115273374333
8175733782626657089506837763304507284803033692792471105987153009
11483997017609536371886766271396645504927481275039194666060845393
12357730227629084217536323390842320762051313510300105476663241899
11190731243795863158045739771276976761135682103748124556544719601
9738873842732229119474603282858772975857039345362465869227042291
7062134396807724075988107991575731093843433634771057395322223123
6862046671379570549893623285806014475231124830726445695535714389
12853680882434604026034346267468688511747978625842845770939135331
9504343020599401325428045273189184990365741776738055944162888337
10786301790437222079703289344959715216272745354502229156711287707
12117851162055885390287289974932358928346150524851889887228241493
9699110413061121611732821199223870259966843683839753149835042099
10925160802267927232022675032163112593370834229713313354903942443
8202230700250027458634624600513392473170286468382076094328917243
10009754949610001698167530946965433624669120271808886104466511399
8377009584832479488079789876488078738922379506540258284594507059
7390243940494921766052274311851217691870524969676268983424030773
7301349539103197135683305298015400652197787262939471010536295381
11992801923916774824867215621152646539289733666763414438503009581
11297438541957604256960834141256916006383833192337828700915924493
8928608243136342277837126153376855488420750155350368160446468033
7618038425492414432839857991124888761161269485743172982226736319
8666091388091652255293143974489051519457915900843485380506322113
12175644759949485986461447499406193808089075462178257014022704343
11269149562577799405886193813901378134862441297630165004306605527
9015684064108426604281996362339501201517540047508309714344561901
13087836823815957159075934592514885005512836505916986875386405023
11196206042121946331947136047129269101875042652122879049230614481
8949722909888436395032038483362652741292720582359575509159160233
10384970432411029871294546887569487705724595804824418754582024667
11504816106878493358471363396702398521565485973793314893673793237
10270527786075553590358754886441208149445606664624940969947429123
10863414653102310880720878767675426777926513888054330843310127737
9716825473651705905478077778419106066013651750811283740868208083
12127391647983042279456176299271343346764669505548023570621524063
8498473348437503822987197715853570437701811700161921906768155451
9636348144297093333425611324182686797954342086073253994336474989
9323471495514532210256706824313907567914605033020241233649302819
9901750599298851729089504048685660446999335469306070704292362741
10844091150974567882085027690785899162670318604829964530264128887
11938305665575799963929721745125979317070211620781911297860819329
9441553780191629567604321161290072331699433467034302928435763133
11243425190384162989519772726915381129564528551279462128426805123
10359745881997896211566071291341526981245686587062597111167583363
11705115942091646187562169289327247399903243615701095923053754289
10650265258587355843516031967570313831938715631628440528608058323
11274983602211723459198835634782651346828844956078459892693449283
6953191009525895449297433385325561367293560960375789794618445827
7731614450842082698847640312964268261853469469520554991803814137
11718431230442123405528067729426717362832291395113090824980322751
8158509505167877139349181530626167109554270170029152973193740627
11787078990663222425562389313595960866019508508491893884534699883
10519610680781023055384350076318563044281286287917787561530177429
12726210510909803880895896204713498807815963111652073472543244801
7590719389161122745235228618838408205069380774661638430601476229
6789246371152531700511718220406191264122559381172866380831795493
10571042666295228104268138641096706625282247878578254587598527529
11675118121102196145170711409131255158296809726887429143734252939
7846037497716555509684552744156599175588722179552899939036784379
11769533916972174360993273042316763163236086396679340684075046283
7270324782764925397645222961956494635593607660725988971028064541
11168086144594664731245920272944193296820842303730239295878170849
12628248022554627622599856881947992551775905305927370889505918033
11586389667316403965144551008916908246635879947823801935235393949
12240688830222953829316054021714088422051296743200439769972745549
7636442254626376152451247092372764445818518081689685808548941811
9089446983205743973288074241351461615434837350246051537076101627
9721852540463054672205057361784175508544147936155850379035992073
7371736831853597215281924426255536032161077144394526470526207201