82615608604677753879826025179797661
44168987971486782259812369247827467
69233679322379961623395171869395729
72539226876012383810055956115953201
98698333715991187990862248589095811
36977721675617123212457110997507009
88471502269237569969341003483079833
40146368105922313151012323235534179
24105416080635702128091174678223213
42167984793147351831902019310480567
59163736086015151763726385222132769
26690935891247322509130724975449823
53491792177281458407275430465544153
20600358051187486002740263581181777
82469062366220240281294099396548833
25806023269285045248101243998014469
61490478105617847969932271908243759
98873093233438183281998594064345677
42398193511586338611643033641109181
19058592488216192398081440858447287
32874676401945471667395709756262707
38835509805857566233993618586988101
44296101364880062223110797297635989
74624121318126845610115717130800349
86493482257723201337332183688652409
55241686346699915447044336363480153
27859727039182197193398864977726651
76622124261175675706438133236832911
18291849730480238310035228524716019
70496389043032717671136343144220479
16735838330255003453858818456872383
31434240920552765350360018060904497
62682126925152760171088941260837791
38024123882866887498813447425605753
75176111661192866569337036483260367
87365571369221124958057049589586439
68641155775310803089209051440382257
51780275311890077516984135038982137
18943499509686692153776213623645781
32433286140852745850803948791601499
87983381788637618745585015214607837
19618059831478461385051054088611601
35425287994219891239692525682144839
65662138421995031560828113904602643
20306384032926047007890316242639059
33991674655386174496256870701983683
13295691590328942149774972021673293
32019311406049576389472367938729373
35145682421120896898795767370953523
40256520642869746762528404890712067
92497339772017836751099331945865197
95187980572849724313375438901735793
54083023376337734616928082497038059
92696626912516078746170387217898141
51986947350644511528203354724092273
93207912664113985676929427405499053
60996122603327735560796616410485769
33894179306773208132642968476652819
37759947724678759831127503994974559
52189886449664963912559560820125581
20454049880913079572128421117230741
85970790108106264412454193363444141
92738688784297928335995756031785953
38598593833303282718825930689027909
77321863079940390772629231409468387
35975267899853393359781585953352281
46131473471545249437687821000052793
50957580241424570979268252991370301
87007227044306440263228978086957971
82854354109521800337230357074407709
94648111050378798193793489723370187
39344014464466934687967382221424537
36829303770392874897413539709353873
81867034800686003939174135868206549
16866451536495744245373162459894941
58086930207841175415335583047435227
58000480785718294397819968030475327
41540761039250110694025482183051987
59880877231785266536709354052111541
52394774423494251493249750924800041
43973111505446652554179874523914329
19143591134141127937019692863564049
19558092552638423654269628240545333
83844218299480158180389424157046587
26045527339777823813482393804429243
61335964350931354908764737097143991
94361914072265458575829449546298699
89383071439419289500552911062401889
69648793737569434598924077879112579
57960329242211860863000258327269233
45140576034260200683641830777430833
25054329101954917497924588472589651
95205264629182272816407099346099877
31131063135621262413209883024170621
11790089742828969756007871346074999
78240386160386443358525501917301291
27905734439078600438265002600356367
79765005597262566566897962514139019
77213008424747582862352052687582813
95243896056408893101379775997023223
85135908642125642396420290756770911
84664669331615868166417481216843587
56905043662173700932785795936352427
99442206502302306600282659996073749
71151914745019880776958506247973521
44225174338887610474742755871709511
76332855810274331994400231876106497
48240007296521584987957368334833107
93731462011187433238624072353539849
10296288936784361442991586907480799
95238816835453445584202963911586603
55421200414558888873522798774731179
19022239514418850550637106992204217
99464082171398575665551226849990451
96386655791046431587800707460960013
89378749189460062215797521251757573
95211585438814837657290974373529061
42036114542615699269956168658849229
27297088020829057090826994979327411
56784718435125000481639473632315141
67092988970706971437865736582644201
36360494035345222101788077826637961
76153165973203945983612761997583759
62569986462437155721030049843208997
77164438551340438903844527010361547
44553665356047661666397304839542591
13836065764736194572377453505135589
21743354379811163491540022037898187
10499854658753476684147515271426451
80106620043994580816567306626031653
23772589677964107589342406281526557
24576553607523519419010303993607687
90066079598681831069741638164079463
40252319666119237538651294479243411
91933095421231310614818965135137477
76344010137134965567229832668690123
33058099394245336719642372854993237
21838939608324282507997536887507147
63230626083583992908129204407626257
49759952233508056132724258152317077
49273275054275408337446858210910647
47090524490640885762584545963141469
83504082471591253402630336183542623
37722593154032783131620759064140199
62098148935472370969998701740975971
60989202341056733321913222581123029
39123260870863885002184549138254899
46886586465833595631113855352825393
97588073503592564275535318810042431
29588269689054873027883094360632783
45954610168418027120019140067356659
37567232764638534855723571273950127
93365114843876924486911288634634113
80490404615432154606910726983163363
11546581233167682142837236511723153
26315917872653516219597186318380597
29852760460730518110801818895292507
61293821477211674898097107994050443
45711974891883273221543709393213239
92230180418590372195584349271862769
64902868835195780694096715479792527
43013135179283608367242291525833997
19481542067626235705567312415292999
50246346330488928305225721395664833
67504074745021486251285389096667967
28557036458457742505710319303966849
60253303444295653416041935884843229
68876439077746226293280609719878509
67762943794707700549018158737958013
63992239370698902550878849194836189
15393559469773966165386364034114221
32854206278294765046290773865208263
76205151650762868912812545522743773
36412290197537253176677928744486987
28422129439409143170291299965895651
37865154943058167639169832863402021
94825284232842881701218290821392197
31858837059318500460786355182594443
27113416811948455378120038473878589
11620551032258185945651498468120699
60167435992558508576329164340177637
76194977463334299158598759768708913
21927465990358899705374051309082593
79192240263472852939022662837340387
67698421877916024794941326454329581
52457702170652305361134045877015299
88587000521818612711317811879234361
23510876839732894755656843982742589
73268436075730650791654776308997823
50113243658100612894561762273994499
41451706769953693087153735982669393
64364216890936285661086347474513091
83841833927503886697529925436636791
33310945420425795184197031244767577
58465674254014517252057047452110857
14029167897288748646827493644483789
18566490055801825636985501999839733
85693375378850729761654814323566703
35826271083764008790294678794256461
38782550705077280613967966716027751
79668883253458059761333471126441327
75095620178769346120634873805356011
78530382490086949646822159607165413
78276043195094184541947270064266071
22054082677724064050868881229997499
35234667205935762282298871881517851
42206634575147413371979955542273871
22794717279716484449831431832496487
22238124742262987167570525713535643
50094638684363360208368023606004309
57874950658048490020850246280979033
67066168669529342490771822431510161
43380186685123793204823439302659341
76176980618444105337349547482972211
89689774770580373333934461121597559
73511994003453652961351659724784247
54258298624641323417651024558309713
42018610421669576346075100633146937
18689466936332764203635871688109327
75648233842627126224869473444585631
56105216591401238727846286500350327
21329012048556574260002143035919957
43580828458839507898602448823328527
65767428307032428049978588102158231
12257349075692832887238463639461443
87035861587142198385816188924783209
57149095445546986226682244402099223
17270073986017838416976365502302171
60023657589373787360996699478653509
25759564415993910889022351180762263
60321626813965357574209992952289683
97710046752184884821278757092095437
68690813953651202888450188408770937
69315094733803844834444701898496763
23066536789714036956328276012145339
18374381129313543292491987584527883
89762823942084512673975113400513467
69484047494420554681487432591538703
42360730812839531705837698776746581
73092597559633855425877678558055579
56348470915964346386121537026960117
30480244391912016200951309526293069
29684545377603651455136766555946453
99971273144121459792273723486738383
30806671608599952440533037018766139
73529316844810666400844275690901257
42077004628603274248030898704677529
81494359152175063423520430745913579
29924884279437952554361013661741329
88971513578355883008862600330998281
94043736691910625593741794278208729
73904759953495017396421497641751149
97225395055763182796261253207660503
74202470533244072272221431668344281
39647012720991718823518825912739003
34730864832637648511295994324187821
28399795444482267907120601267212979
58526450280585632761664068726918093
51883783589475232200549015351879797
85357083292233834331826015889643133
95250556846697732068322590627967771
28002809035203599701543055915752417
24949570230182493944620550558403623
10264132643145526328426942663875357
28365728864026057852061716030448681
12033105806258794781122606946608429
51227435608197299905695045941687657
54184830527978695791443688921988907
66089156288795310623957284065545197
88323997347397358653576459809758623
36472141481911107633656599454261813
77912882180386862925978791303553439
46577886710454077596364239338828649
65035164544952729550285890479233311
52937815845080130723854708858754653
42880115901155457927696186513440417
69289709292579125784193675856230781
98089891042098925964978378565496087
10969511198080256772630947432458199
27824264755429226130352852062238691
82472583415234758448242987061863637
31796161433473196860207702338623239
16633721788317612390982363030052071
41024014863584453857413015815723059
99052138922778413758931846441268143
98299875132087032554666132949084033
64626672822746984389275573177754819
92483126100046009108904921685134543
78531287722179169713576675849183433
57816304037911213020624444564797087
45217710202383774457771457446699127
62836190254025178378693330495147053
44604201926727101254896572074274569
12393898783591731405887766545513141
10719047676358596554423988294883019
25938343352063924036175385660572079
93064766919293620509863955994149587
64792663169367836560893472856490719
66947381669776019519240753455144553
73460955015972711222959450835808963
45900189829457912988433346274883097
13688558814016456577157558589518881
76487047538858810152790111971865233
66183303102766338948711281691392039
52979335017257705139427254065832161
35309681785306348169078636842935853
44728320487596325167960534731356427
71459707525884825671732475437407247
13548696774273510207423694634808931
42731627878656296739436424717499481
98629955815675827467318303476306669
95075642638517194268575781227783879
52172077127196404737595451561136423
19276683974904245937736696920474319
86513734822578143829171311315753707
18294022568887519083144287939945593
40721501114010018539886990847244267
84678214033775719803302493868409261
75702548298224453731101705136451389
86121854575860956396164334907870767
47947985173146213004550022661651073
82981455747613333226634691595821243
58191769448337211490748799385532871
64041038401399654521626759277794677
28150010390673990110817960257323903
28204074684467651441655726428812403
15819582509732059267264003300586519
18253886200659441206351219775436961
14099918996593278857728358044496693
32600785225009014315677349923718137
71501588937283870707010863831927077
30160824740445721257006504712734757
99315255741502997020730794489006619
72511476141464749734002716748567159
97113032959601900227887818544032173
95462627761568268022330068817153669
54378737382296241425488034309457497
39050599197581847305253176791001279
43649502429732439327953461983342733
36209013466831419961499682324396871
33693936812993085707373125201693711
75475060778954811427207427118060929
17364751065926083640238915079775323
17048098105953445606812802379592857
54722619377354902945316830466272513
38354431769593168640848595168970181
17852133939763729039032474461737831
67403787859279671862789623354083729
10927989881722219914050298041465693
92664763386115665555974835999867161
65093240161547977767397381784826241
15057474638941193591491211899885499
48930338004384581346260624993733997
68018364064785234984888090654924817
95431644456296742069034210548861163
39971305413624632321062704334988923
61246135229190830404636017719659169
77963852120790636766172360635511839
47784268173783803406702223438737211
66098548898844542708652147156751799
43108902349448893791505491582319003
60701725289450034173611471026057881
27098916890177731603646582975466043
38905496486715111044631127411564547
29911918943178878490875738478523829
18921356083921240036989959165540461
97541895036902359107778504596075593
45706417372008391213330082787074789
29630368723923140396892374528623181
92259346302184021603298183270511553
49741010747879699140186531176566723
70319042470252264955879887168553213
36028596398422635122953254846253493
49374536843766389921488006896750589
11648334827133392435753257763476429
68412015600739134651938504349084061
50952092399784218836368551715022967
70920772205418452163519396774288391
40938373081861613060626567644647909
60332978666375320497035535334306111
77306143424119943138732965223505623
43778278646642712348289829904831913
41902573276298578839288432289301783
69177243788774166152357907051879383
82069383131368335788066110437053701
35575368809691217468881745269595169
19128351697451733049626095475187909
46946931416088622824651933425099269
32682651363714187718173786507157351
64977313767849195521720573904740599
86883087462313142015862490502538857
88367764705174678116112641575651761
19749604887388421744667599795632843
87463440638195534093568559414180181
60138818167177524246153355247797781
20000764612665857529930212991812471
92754558378644658899218865475297149
61770953067773392952723132821383731
35281397614859171770046495484755339
30697341083117502917142266377814791
69432970660362373729042302112850267
67695703834630846252222632847153763
90962110952071908934039764251696893
68188330807225054718699995512816053
41118408676344608806792916593015001
90636204340251704225697807504665777
10929460063939107502501785083780641
83823693846751765202582671786787821
64275999689756744713550482718406641
45109480025234490792647622946462381
23291662333373699839241038679520661
56683918925716994203718172233358293
87351735352204103753601896599731643
13925798589109990090758047929811321
66026709905912419765341436670066977
56611279873341114796748702586082513
63703738460779011394373777367377639
28242402558738083808973635387724327
80946936020050489460593145805151771
24739010943109157491531390225262753
94693621989240528178016811060042587
62026380575388587574914201331590491
23945602752678758353579607003608421
42938428051838003776068238186749371
70262329588148222373482667017584003
59745809052373615850779422917661707
75884188848220934886912044537697787
75607839435607863546241461345322691
71956325055366617686786919347157821
36075486230456160842543598805360673
84608408515484783921802448828201441
38301395916267361629758698503223303
83166636776561742499743204593965441
11085445974786256742293117418882111
73182817038804163718113272214156811
97603524428533361803509026131911437
46536149112651586882757948062359673
19801696996601835964650100367203007
77582771483145795043701929728079137
43815190528455473411570443216893049
31370816785624602238532998822452677
39801890586668833317284355708651127
78180688701445580665254331288525639
88770564922834215644355144984923411
94156837695106128812543942639034773
17400811670969573759007193707318961
74250600149153061798659272572195241
84310047542970805617345417511795759
64860856392485440453756063497426043
17244011243343592703151647032220509
19999908677257947861159337710940121
54449926725995655128378096393041783
46181184675864168973305575934400111
23099376312967043770768944740571139
59132476710362827996965525367480831
18365148056577042830447350177947863
24679560433044565789213313212779493
98534601761733806124350682898603021
33776267196762951418479335392539089
86272505518944327208294499271481889
12706731446061276590596786725450391
33130815589976589010923223369816067
51845463280707609591493962370082173
67326146185198238092004683380295657
60374863321696076554687894736506319
97056151336868636878988226287988637
94080315051824000856563244781746793
61212292615020845051627562871026197
49241548588862383911192227453045417
34406337678370803403060995664654493
99255022532642367012066078924385643
84291770087291055132655341800957101
75653014115218505407975410251053249
81392287354083395821261297337543281
95373782744547993437715262558195513
58539659375369385878739459754900493
18888576889029044131906094662247651
73310026509567030237377871133324153
73894540498385269402301823693289303
43566829650585875994592480678821557
82126020932113050571714695873114431
29043574583452619896828942497539003
75741310944453574609707402151683151
88983584242781167089310222685009281
55682780803621000735467316559803433
51392160609492421331430693980157623
60941898383937458187971605109462123
59237178543367065640635563486652169
76069741471357254977052658318151467
74451253054565234858762694443305417
62358387400886043964190796931985683
48705198577222775029156967282474219
61111510218563223933517235115730391
83697906518858983522102208277574841
34564062885302128171705745069237653
61029398055804807771165502193040941
34749700177815369580710022801117219
68046167448776486147850542729043839
53550310729030572242671891979406847
91488988729520547551701908539600273
87556475492279997837344559197358301
34882798619775312165476196698953663
31220710243332611823644029013926993
42250149676973074454838217685288827
30014919081168944488915640073756397
40791717754003880105690845584392569
84189485894500616543511535567870399
77572420173206502949518333451007389
91418011698011274048325563869825521
33771931645366573460855026220413631
79166852670666915955203726220430999
24624790897863025022193354503236559
75644417426150972307949923761696347
35565163712108735111113754265261473
83325372601227496427127396344242849
78453017810536605167591939614087127
73444280362020780944780456681506451
66759156309873441627670478697579961
44540152037616255988928104054267547
95009057530440774149605478616492053
34773991259620827742226993545392593
68063526619715262490916861432816279
43535471297326475639511702145963021
93935509602302986306610363873539477
61734868084860805618968192806782939
76209785534014558334765845753292197
90099369348344895597174750032833891
83584949895984104192930403956893349
15728299861917481564887311261407067
73630942256583844130431787865900379
36467574762077197017637115148442889
29182758842569578931118053730175217
27804889011780767236475320412333071
89613905601407937806061238540547957
57693466629987638963487525661525483
60633185009280505896543436315542613
91082266091357316749147151640786007
59215335420303147874785568473515059
40725415004594359317751444348455317
47760874735306841162585699914491517
42559609414275789466632717703478951
30766487275614667163980640433949111
22137939944888698034326930087196863
29533066964693567837465406680291501
87947102185431206826028245632593439
12857783472216393922736057958676613
36427400108648587387945026177762889
40681762814567562208707632839286807
92292173513896698564429247807796437
33616491544542589152370021255611923
79461958774658857879375650072178301
29821367980918964889147270344043959
23035152787389271555093735522917451
39901488781574743389586526110983569
49598622473442608995453741428208949
89048631866727260542379713067704441
47989134532358193779528900774627261
67110871000017544879347741285935557
54504748630089282850979279214645403
67246289529991418961372989040282307
26294617326411888554189275269859319
18833705282580856396533961254342449
51373776796647023488166063663068333
99560396370204736609516940194228159
59815161923398291287281999619975107
95749442647084861054722559163333183
11521617944322435680026832353311059
31709297266612350134344965044419813
34840955265035554147466485666704881
35522718090076085541351792002510177
87586099308961521484286139036615899
97794064006680846203584039616761213
71552671779382965969188054438542853
60411643195595304898777964988756421
72076832061914980175006598561850807
33599226659134442187873284948059597
97970090753922009510761132967789049
17493634575800287737571629767018257
89526091229326042936353373634041307
37190812479062187738487329729975689
49261420003408321276344139856852647
71216132687041796705935802549303689
42606849643605812290031729585214671
78187979652523651532774991512243363
68721842084336570768407475303384737
54212430113513455507503239197242493
80210690240119079943492491700348353
76704681348379383357321542552132719
28704520193868360262709637731444971
92485748569848289833687247933568389
61660764495282499804759019395486403
38434374025038007272305743850566519
38768098803406175809159211501630747
20820671866486127186132073818672363
72860666783014214534222720523411733
96748663976573006099121830930660867
21229131039876247561710438694148233
33061964942352584294155793749843873
61375791846331224548742542753822641
55409966810280386283353098597155809
65095619618082374356277301632406217
69989718902748291190195630304257663
28060437608042084907089909337911773
57290200759275252129212700935494339
95105076702883648611821250540940561
10335314528367763551591075364355663
67099111129733923391298705368718241
92738038425928543440695593404375677
13872125830140837214589395188247879
24066701792511483267400354792556281
89144048366882528053041293612747011
83761998242966401336004258024447489
74910042082515161429371630782358427
20992199571690721372891444295065117
39249163165205157464796842788354247
52183594086060357587958606167963171
93547020809550797779787504818525511
67946123501842431140070007273760767
29162589417390592608457587206830039
45931884033800227311616105507878607
72409368577663390074591631662450647
39065271588622614527811066002857343
69676127890973910955912141831612747
30215333227074129124303659283515113
16431177706803329467422267947438309
73472862775510847829890409867848867
88950011868510747877987701010023329
31054993529556038582881947093813733
50649896577020146421506505224502119
69523399656146279992430498025986431
84523346079896338065173813795735917
73242398222215032148691851571772887
55926916289730741152118585524503411
29323660426112028962308682109124189
45768816972632531796383817052991567
82068849220737900270995436859330589
94087471048366161969270142931137153
34765057669814042648620111379371829
16517880399755777528505017347426789
25191363624212609096082425218911773
52373580711405455764408119678723913
16390776957089539299748731215230009
65803823218210857111087607339487357
55636178246302804390599998662195391
27687707723228864409609517970788247
52798130838533622254454605495539429
58449120491597587251928458708503191
12844995819959891640046616358611783
10717577577764149322474165784984851
48906736250038924063884433125146837
11777547788560943342029730122231261
57544493268043489316866109875293889
61068208836800839349616369365195527
21239382916668695004970533696445631
58269082931402369175907207414018697
88874486438951599186119909402614423
63254725088541931258935712074482593
88203504952882534264015936217194571
69424340896093004808220994838693547
42018123673904252093977914140183347
67854588402234278997427503827876623
54166098347918770537898964730706749
58976734809501288694495757273625929
44787983446066864849759489140081883
50305601568345401252774659653891007
79399783081179782979235611990831277
47235435997061899703259687728921147
51503810204403262126873416438633073
79730541077092443365800368129650239
60747775408368781947418524143500949
63000557022938574660337117219553419
48957553914260140737927464956705361
48036958481129144213703988038010747
15050614672601600050486315340232443
22721127721423945491072284426828299
74859604169307633827712249655952801
69330240110759520113034124720702379
36263123564295093586210469132671171
77641197923750492128046793487896529
33907283695909293099129897667658519
88492342803053593103529128395263857
50208383491241126641654554815191757
84574290835374714874035350939514289
10569590098058561399453584652244727
61223927491406389773362872680944777
78883922956583406238912165154166629
45206144607028938173081859939824551
70343458447500893902297245277408037
37072181125437881500177788676316767
56738455152040868648981517879681953
41789495774653790264685626995169821
41772195242280847428283630374733007
95169633619925703273507824491410367
82349079987194725013127330815862191
32244008864572095347864457847641127
30781413762805458666718659656420039
61297131489057674756424684775269581
10707287933169495425254760491328179
90621391316723170046807833359052139
74925292502877920438209734028814917
62256869725388172388383404046026369
70060776551143095250066489006169623
82184688398876445501756738067055209
56133103572189102938525740958192141
10988262524461010626619922414560359
85257228072544036591814898770403589
36188491198848082866612654725246683
93384827948220580608101660986903723
73678399371937083619756284515989657
83212951202653515033847862295498317
43198161656747173945508911194391243
35115900921500490968540695133242109
72036861866065289926680592183528411
19766279960034143192827651511410013
78691077543444639525176969244378587
23124049675680806717432809025185543
31014353087390726242706960574875473
84812713017251172272357041894384913
13678327742158107528201084850586503
74169752728653798887391055915354837
55259441145536319776741220831309359
51568274749545914853807572000494207
48538044959996954998537277041246747
40524962295089599649223715143502987
23766127670251932861883037682981637
79793442981926979343139096531999917
20656445229509419292720112609673129
99977786560148808370473410717780777
88635684794034722258506420784460919
27969851173179927543655923384007193
14839607553372751612986057910197023
64868799511453841448309539407008767
85831561496099304467222119770895913
43780857765025861767800810957987099
44282945866358432776226177880676921
35988028579236854713640229142956269
26815258940157221099096545550864287
88033542597109326580356442618964687
37142533708747534609600399926677461
72909120701646237673604248060766851
81739024701833635532741020741357291
83375089172474398181189301124360847
16880428366689913523495462188550933
84558217464120294634336421682544793
21469438738585251414306013649323639
21123943572283937415149374556236457
22361718766636324285729152929597759
85615652543686936363142153859554639
12633880609203031405928842409101513
85819135452070731868719728623928749
25163991479049196607300898351793711
34237967571260341273331590496527853
55167672376406273509876250338071161
41265110411593957280981478846422779
90536800311657501531976642652561777
72004538146494482048432719384121623
77770165824167420676958746659395199
75466550302423427414431539636027563
59547191753866365040014163141063169
43215301389140755381777733129297069
52374236608777517847801889172771471
52964310733221428171593417782143263
27337039122508351391232731371916659
16810273133997492254042890722899587
17596686177624713188211851586595017
45940470504954865000389621012717521
59219700460663429148142351835123457
63578273893760763456766888906351927
10300698240784267274934095086903109
78030093110092434505924122050787739
44065731246431092423081741666347893
29132627436082074011630479750814507
90436623563780109893461632167417969
26283468734469872045172936956686609
67782831630743714635637496301286363
23173224317407304176338543351019433
12933013146152020141214631642439543
97343204710344756959745771787941727
93714888077235536109739343321706391
67164700290004266689936790831767261
86046074067004527072037022709339803
97691014856220853705364531236362389
49377681255074873269692726043366273
79540912463946283817743017176578007
10380936358541146576608535917875081
24913797934380951355540717578443033
42208978961213804578463996393354627
81589311628450661822014587272612473
45358317014240557350321980630314921
40505513671392963498225490585001837
96626825989566502586343610917006301
59642757350523295101220356900134831
32895929057341816639590742360539437
92635627317573987960534009258763159
10276921187636923711102071195753581
94434546502519127670882423839115391
40154177694828480473759807111148421
86268889967761845886349485813788377
23034426283776883362268917973885403
27429953723396900068369334460147593
31697108686119094616489128053867289
53864979070459275541077459577698529
13714528709144526155420223696699521
56002081237804585055950931020246811
85529470784665207564139454678945809
68116702195427784835991500597593461
51839016750754842643780716678512881
42926215677283136006446920186679399
13391026706021433071681089367452373
82018567832675619747056530909350437
69707387055105268298272940248450327
85824072604137566404248782662368851
41860816908892652584160695104561803
93640353645517434981130776664918009
29027404772611187423358724589651477
30660845436697851789122589885323237
60010173280112848753703393647860497
45030639644199499580036644735037251
10614210953405318582423971850772643
37286173451016781900045141867836703
32006660643325975374674570316927949
86519906025735858456847617755751353
58224289063481937407342890891000957
55323389989970186212380692533912691
68957475321415938339077634069397397
46642752519218214421024489978718549
31952182310478967001834575717097567
92088290897592495179432578389384721
94010412305598585589006870261235911
74980863379224044758166535018136879
41647473586675511547038306434048517
83145631651336552730683877007159391
58029651039628587713333398323643253
30891541015101158495402460489914329
85205427468019945154620059171479891
32322626527122771297515205935694641
87635346276908118147215334212136797
91299855620152116817863007977659149
74174876245437800966245433848558541
13422811983644164030573975701859091
25778718609284165268727916009757877
64410638671508806793509826295966557
62122825512935871697195974229552277
81026800570081584438910125946397287
35406422158683659952733099665019727
36619244753181338055288900928715807
89790277010332874739276708581017351
14115660195984802137259064254903313
40295722886242636274289369989831353
94367733416952564030067070038903081
60952645228299809577775998153589507
45424558668647902523913768951331369
31408297803504277237716419782237057
30469958466770040682950439619907457
27674549982652852560769470021462349
56432739115518739737519938112556753
66443083919999003928639632689774121
52628147488278465514586219667305029
95309467263201646018135164875138939
66789478957348423574037532601292437
25947413183246038004054832663939781
80724859396898403407390607469337347
13717185225826544957525842689156737
19791893678756422747230511144451801
43931788301073533798501484938350057
89333295571371494869116023402139601
28878272165096950073750181307620653
99307048574007615608728423177734733
19280479928771526456350265244166953
53075696205702663830178106927870001
65056960371028706320583894255682203
45121458579620639524633213560421249
43327175633948255170923652202218787
61096519269298275008667918998260049
56385873530637788700702293241780061
58112629360668270226645912992018493
19519224212707800844804479083444407
48210520161804392843709667437764423
69017654194511672693509954148710927
70245216956923883408729505700103093
25789254352554625461497830581229567
80970065668393141758370238006423779
32679872247662048718287180328719899
33770073730384119679636096222326793
77722889072893825243775005210828823
91318510788900975147773073012259981
75087147487729568014680176217625579
80612727547850276809224978620191391
55037912616044104772880000421927843
16840664724946074383069443608232349
73474027098387564209044171624949407
26019921486939205873707409137511427
22581327305341075864091632314317989
31410063540779869142961081077825357
16953643031658959434118869555225447
35629526155134313803404509073847943
45085287323028689731922062164246029
51798981969850939485507654535289923
13768185113354179694563204558264927
45444767350745357176943856933077737
84625506712317790636633604083423213
17105537757220271024100508319661539
18045398042976998076420777849535781
92747638163030092843926122215335221
48762957701265943622584446118607023
64540917838330845882316523585680849
91963908929803038323734472363226229
23396230555384328365265897400193019
84149688981515401992245623182802649
43109250236893460453915042625466399
70693101780890159197536951720225769
36108150839792836187541606970575941
97484983406981354553302653720028711
86502846429864505185724660669302769
73879072994597342389813978654780151
13473332811018817017556100645010953
83984577166221952444027969669465147
40954165478431079307575259827477129
27181042671512129455484444907893453
65426269662612170460988766924007469
23874733056697681840173827228998009
87225119122804638505598805555156791
32500591445152157966737456675774423
69308724494447474795990248613219443
70626743915651122645481331620562071
78534157967871245844520971834696877
32146781166310779380163730302391891
65904841327120803938620179491622811
13921608268722198432126761343819647
66684895620403912888502166909947507
74508772268856765858855450818125331
72726123977186729516868297193470079
12682548835722693268045381057845599
34885356172006150164088463333917577
75626307911230267719042095665120823
95761265066144285690581341233022977
27403932670630312868718947253645017
44331486385683855340985900401708121
14375772655987231899693675296111369
84714758352770509176003822747324977
62559758783924506359789011133607123
36994133059400851221648865166235361
15632400344707874030560950366071297
27850304367027571008133967308360183
14813641528050067355959788048332347
23136028346034931062975822636497303
11550984168041744632324062464352253
91148309985158515575902668292590859
86819143868651997253252678321843933
13301194742778346583188746705272069
20496391729915994205983668163620297
11611608559400280624865218910142807
12012810514069463029223678884042717
62013695825699470232414258014374959
53736339605790882462218570413487161
78243546666443601989105664358819567
29601674651647166924059115002986551
91947336796452777316609567440811469
47052849443947951076816924626166941
58331992237032110032992875810339789
87816773380257974377165999177442069
24124798518676190439857469569772961
90202607728747677074621218372680001
17923763047230245500724069998706329
84632272503724856093482152432278377
19268488094076129947480282075983273
32236871412640412389885295373317399
19173370813083000449003738273734657
94247002221469625535289465353484817
65531288379983541785771743979391983
86508775481114115596713253340112873
25104385833086625882337588979806459
14310576508489627445810637313220417
80534225772964543566229875604957031
20956327258516234022947331482466353
20228878743187072165060270621626553
60402077954095599829548083118918011
64921145324205752843561784960144481
62288843107485564367138900698490643
77458294043949279050604642862533863
12820306288964432036209723690369099
92477440762656178584933476168782969
94315670788204687122481569123598481
19669770098207903259497220007075717
13493091756994629471248985561954637
78594041024125922705896655819065309
73332373248450726452079783335854133
73055736931931490818919465505568959
31896763155857224421278343292211321
60860888023933923210816226244625943
64144699165948721473024660845413141
15552124859471017857203304722144603
84664353143822643360785636398035733
86520331043477571630119371475657539
44097878736923677463995730793074471
60215197591610430519297261501341263
86464382433959384812453664449842791
56186417898918631413998236866784219
39173685070894221150463602856456457
95135102516187242649601025180921359
40737721375378015975746229093825609
72527596579793030133232465563164807
50743880041298268218576232032103167
75018686326064665023501454610626537
11130835867826381863413552290027119
27905556596694538781761700224613107
15524305242893016634003714430749813
27081106675595130241006486841960959
40372372700988857162511521745166973
32410061180777935493702184168362441
78173247231215421898472580690660827
81001386258912276606093293190540121
27495036131227226608311909831553973
35330690660616996502688827319861441
32954271078894437553085584294462653
87418445949255121380029072010636811
36020485601350194350093625643683911
19208272266109994464803926035625047
49564487439128324832648766508742643
89631911121379633189108163977839853
18937267771712072664961526538593119
88609989503824641826985112048929309
15369200277017495353158743145858883
57290864351341021874013534056639099
87214660624609623075395998435542479
52599804226198742238655951467542279
64135285048133478033177502001909081
57219539476154651621217714203358449
70793559770797160073799019335622099
84685196689094915663965487628943247
97328120888455290288085932437142619
98878496028605912289396310382478809
76921994202703663534179696068221313
19542907151252854706567959030988447
27970401291486589803603785890796161
62024168538230094241077841695811783
78674753118103506157309943307338401
72468314664852628475289057272314121
79658269695596850851057844644562133
10617209071925431000027857343167529
25864439043236291433623098548893479
83954678222710222497185975843057131
40652243495073656172879141245097997
95419434434677322171363417172960973
75557195228436573627592804631291377
61404223320833636206248323826895241
81692503108029950376136848336229529
69491685294105527181099817772284711
57728736753547142204003785380952297
57867926389615450322261783981364157
69603745572360775738972481927208067
64338256987345760046873621329743789
12446865926231437438389837404911613
81523409775416489594612299266820769
97580647304313447567552404485513549
84349667602831839426178019448851773
56113892453144229330933918412538663
58299364701462656067416626750613519
48958507657157256771854581937024801
62785452517108878835069195878355789
49367490297903574767582100551384379
24190804867324072028734253408626513
45274288574308475488211601143339269
28911342556373854054353316268298223
28605798345469017407702143733692483
22612382962068811434327264605678363
90494557671164824956015000713066837
45879589972168273024895740986622417
90399364164806272034781478336404827
16909938203736145463174663096918039
29078995559503347319099719777697459
76966515737049012570382846743685879
68889501823002072493704715790309837
63197075098722182099348565946119347
76145206784351079477006760409417891
58084545247259844223419847456100029
55675255995839392813031404804423229
25304301490342354491781730286951787
23536246666416240983193983126927999
81086556186382991135636476463547017
94383586656140486325711989688950351
17728177865871949976353831356804211
64471508598201988528982804725606591
57223807691480015580945139173145079
33128732820956157436952740879592647
79812367883719556174587634357649647
14341917610603121336164874455904561
41177703667935447042500546298101767
90060137207643282422331324155762057
11677626767842675482829020118065827
16303949421638118852377053300997591
44305372526330653887174052641921493
14405610184542460509010854359942923
87837840816872664717825879365842049
89886691511783643323800135942952249
91931256741265174743889945602769769
80770245119255206312675785699505477
90155932731287400157661050578719617
14390987810437032874831362841714537
90325247028842847113135458734986189
28338900109959458970275631173300947
59677319524656312660758136307853843
18831812551678067283270200540098417
54604083409932417643398522335607683
26879232816815621772936482319848567
54783104705550115847792655106583629
71195937817488442772501788687452787
72594001659366349394766019685554291
84338380040370723891882975477369113
86408674247027240701809238047409243
57811993895974348259539091785653431
14300500073008397871133250025670667
75742780338435827120349973932487213
33125773015827948584813580731923099
69793628932106159804357519681346989
46481633525219585890671270993899099
14456603539592105067309829611528311
64344531947114741787981898052491831
68237343994583255150340127982365961
89981800883141851143864624265641319
19930733011852080973183656689846309
12466440860704418043844841993000093
75559473385616579834640220530600613
31475171725266558333808288295228267
27562408243266683359660472326493599
39222403347694393938219057506868203
60123884700364480960404297430917469
76896168767282277207617060872163821
92094988865709482133630038635821197
38961952230237685106622120049519457
21081046527334353525809523193903271
34598369345298585467973339823912223
22117248096530840623939301135852179
19663043996979149815000101620602751
73342997909326976871508537794932017
24863020618920720804387090303524131
87524354828180788137331957814833777
43158747269535257960364372062186573
20571334842516292640737198016925179
75199708862335245421436770744260617
46646104413561854122382919768484831
25009332881104578476581301218557911
45721651743058483240527663965205827
67436172544799568847931456314841579
75728462506112076277893019547415371
78203277330629665979504873110313467
28441668083503446302793645039953393
66081283110622902090965084184544291
13297064833038742680449251681374907
88602237477829713557718906854398987
48060302351668650876307718680542643
13615794424214268872147517562660597
21727057147061811564845594403725687
78028298755938085480514195234936989
14540121536289843513524185930867223
91984586524406218028075154542210891
21844061317244123836252987912273001
48724050795350311863095934999370997
73210318051616305096591300340817641
96606785308501665249252217853285299
25841681176897703282102493058103773
40326758593015733364710742350942483
33093126848852195875929781086418117
33821742325363896237961478498744233
23507738266355331166536851959771493
13889270131023903800359946734518703
10279854366691714963632071200330913
97993443632161637775444888816608831
82568593455539306598659678092756513
92119033346803977484599288940809169
90274979966014952177617302297935279
98623409508775362059742438934036471
58359941429782953586814495743575343
50054185525605474027404962398770701
25884995957416523113359391233562961
98855440326642058039241086191624569
67434694340740003977107411662866017
96376705907585894300172379378585909
14147265891825203830267749019572619
21586277386606271376558242954284177
18365076889309740515974581727023871
28870281141840515289354334823637667
96578497961251462705957948534979311
81780172878664595750684622761996603
22719196493461561726546544542936613
19126682340175605520958962586300161
54082903853111812732903393446210001
78209382203109953337944064450702763
44844641216442362428591750725588487
55468996636321261268700673030684417
26585596760730751728620052451300949
71974793161502267984641913787886763
56785545674906657174917331349460237
37525569945260856518861361989352113
87675549741763116992811339574083763
79752215632606203167417942010643843
78701118933497392778335988030378111
34495545876164213599422855185381693
43992545252293522770286133291890217
91568647224138054720222638049430421
67897755068720738869797785419762189
31644896954574386420043982099084573
82597681800853858591528954916138933
76702408967548167347412952758232447
70983823629444738963416176751423629
12790225234559644404183576740191589
39861779260277322639343207756828789
16658519464082511143162706937739953
58292265894721991299048185667831421
41661027160260778863199598113503253
44291034785146887789031916555918581
10207698768009917645508682874233231
63228838480862265553833150459836929
13032476753892510940836983093071457
34891941598325079505334503677187429
26808351431547014018891375292107411
39882659703859542780763474349052557
28463310095549351969883464024953219
28877702552868063985356019179551303
75079254755639084779418615261029141
50268246728535362515765629442652261
69371880669741286125447154704278717
58752448853962121865466129566516061
72404825170133398354286645352263153
27535837890929149764997852206046453
54162372413002872600199138718615609
69344089028014573073882161898555197
42560244005915415770108302785751097
65005501483379123110252955271613823
49806341048398331242138302564205879
48328402912663830276357650160464321
66698407079642438320593624917376863
68472990189710153774021672127708313
64903479727506434136627067153220843
87214082377069913555619735177678793
49908165253847330202433019132612569
79245377884603081648688305661576719
94784417790772627412200362484267871
39368067715613108467170606562091131
50732643996326317477600376215749781
26188115139128142483001535896296881
39113281903050931414309801924240769
51315051986718127449817744914303503
44381938647573849671182103060749061
85516555435074081104456653776213263
49065864140322848820780652164489647
10227811745876833026550897131808033
24104481962248575952002753127020571
18405473983225007063871008199422639
12483547911918495424080565937883389