2202872051279105118624949338288371
7078880876972720600312255325980087
5976396635000355747519891157889581
5973873882450242109392330764778429
3923607208639868017423481261654219
4753941947577084720802861226146499
6449872114555052715249725498220881
1076095209808764946171191550657747
9338411590614919109457603904716049
4178748478420294142102934295379311
2897860906544010090115745019225143
4916911833504115765982375291361137
1099808961892283771506176383938069
8837476508152354031741618142702577
9533634814409368424571337937120147
5115955960702536090755164143134911
6839637007798911008698155542220313
3939500166585065668667323828669373
4347973925810316976407139511018347
3464368870657298882232705821221633
3787364621317009243668795807256181
2985994556997890451285832883358439
8335830110090684397444669053268049
1882215738809815779624664621656377
3763460080669983196714896392702921
3218926342687758333816795921746803
1396227377084073785904720362400227
2356314672238922573030376755948923
2293934824555281678748514723374579
5768258986194535487414701578607409
8887194744640894480962796402630249
3043993860911381203323958506442853
1722727282428445802365611388537667
4237624252639169884772049482604091
8468320329346876818141269080055639
5916804145634880675622079442338467
1999143667024879440065140774487017
4936885552401427007069232383136613
2517072360222328149076567855384207
1324273743171232318107805700114167
8933765657304313298914454499584377
7403261557390704337131939956358349
3303633851928216708133665498455317
7621796236679891248756187058161743
1799136950353898050391382277841083
8176031121558117608460957315190171
2055651575331886668580129549898539
1048991349541609100868506247147653
5599191396108360977990425552198279
6422716836105233438351455332193001
1112619863662449251150939591059081
9572547828130616902205077894136659
3471172409225044980188670659312887
1009049147554923317207333768564209
8731558448877856238345816985916987
2823846402410640857052097550082973
1127404168850952693281129857670837
4794727934260636890125093493778451
2786848797503554807922155922657987
7709921302108653292901550429629971
4094325419759089452142621176270617
7676306495941117459730391446000573
8791088392881387782700964747066469
8912920208344015070279317747217279
7060674696500035726940861371606241
4151478937976495945902414038600499
7589527225729300114475656796695237
1271432007380271509353625629239407
6537340485851185455303141590217821
5185617405230238502078495576030667
1306797227678575479244094876501873
8042674680443075992961192483706773
9486525665174272664559310534636097
3435039362012968113767548457387083
1414339836439279535768390808778751
9735130647759125928027963718521523
1393612493016984864736589442048661
9662675030119326497839282138133393
2590121614340358473972576588117617
8678348271995978233153412471641147
5871121364152475120266582485947347
1961364412922765401230323564001793
4201952266270220823985347009067267
8359200877098342523004217747388231
6474469689500732813992169322416489
5757723659739917926485996522164509
2330929391476829507605132451223761
8287132004513764073224529695809331
7198787986369602985630469656352719
3904819880118073607402568539862019
8041023678037471336450822319420833
2995882246338102519482381401539481
2876018988476583948209992776714239
7544182674036706833028996635985567
6138753541206945592446392381059781
9924245624424750953305586139247379
4152783864138523910603983262986747
8538375538796514579774230767353689
4659047960227658458160949386476231
1712462662551178518476906471591983
9095219116009457994642517354221577
1619177261126383717478277048880303
3440661084939404107631476432813589
1684840710292987519428663137798381
4719326791268020064131286171830691
7764706812732025013640150292363991
3417727412752062055195702134245821
5654524394173441171938885426155071
4049909522097194462672629182688357
6071347088629190848765745152451041
3070467448785632147745850822540417
7799036466338718359366128575776977
2964344618975417929533361022279177
5071545030176050623724463804100491
3366614403543011478254307807482297
5036410067628978459695565131681459
3107812606416947629059244316175011
8044501068345513805032650949287449
9958738314951072624100414409181307
4349089242059416759622629844894903
1573685281353422409037320570972713
5762347090846814777347192543372147
6853530111131522346582173623900381
2219840865716978174785908849311117
1543422115255729971794779865396627
5076941092466680457042007294725587
6134725541126437721892488520316399
6558621532393603500528051553222217
4899454800119519317762953399808003
5416609649393402582730017283573239
4925846927828254115688958846170019
1412239028069439681999851777665283
7958051382457590589732159681293641
9859069656833110211259086862243437
8221405935395549446959212913494417
5467848525339386865452617327128053
1738462594995187363269734792628287
2444559175620725512147568395614731
8204398762690781652313573432635899
9289176351905007942014729723621261
7171181114673512782378545844554577
6309207046707435118405302885194887
4487916462723373628811711668076637
4010851519604915366388338296115881
5219117150909186807634199255680127
2625773160631361249741217036742829
1445436548141355176057528566933841
8545522629876160796150830216920739
7010269900954978696067628563075483
1668217905744559704789910808118697
3537116815796893056115225728464857
6249739644319326468160773168691907
4727460228816139233230685263342933
1536225756354621949132067026585111
5919074932021752304620969615968107
9214682017221092484106638804966617
1330749824225734723064363968662317
8994275824620739729078043654548487
6071102557139276276378753992922599
5069211548607716561474466663503771
1947371326351106597790560753206679
9441041452280147459519146566002839
7802171080800446751647053074394139
7847183644511253449864098091881433
5708390455743658526989301574489301
9879424589146690069932404441315647
4740016006700838992652078215722177
6608330716439951404579639895785159
6361220573325399764460819618632029
6399335623033488388737588510775007
5918984992977429764915848888981331
9331298935699704907932284033045437
7870753910036249528565233234215963
2208685175506740654174256137931607
5122702154074398361432016936783077
3559894966481918801311273084085339
7224383970140951090369735984597129
9052480093733600502619363794795907
1009290347503215117652639541963053
8914359687032031548473843449792647
2230642785468216766779953665603433
3840153161128427264645227230066613
6759030157206388311960547904741063
9381348715916601817949023915677017
1820148836227237026502238698601429
4615243243970928280446946449978331
8980551961600381388582754958491241
5849096980411747636884318882888691
1005196371763159328465959523111921
7113430377608996967368008071856739
7307990431159574233094675511114601
3638547789351251979378111108175133
4454623193415360157303667098043101
7672576008947900599724627466879947
3783274882431986021822997904551757
7242652476341881373156852463811039
3776262612234406457350263816825167
4880335739970179097100605354852557
4264121165630919885639036177879739
6599715147379617792362291056723373
7706791017686367391989339710122567
8333176920536768160689254631528501
2419822163552847901567718479040551
4849980720820620256860443014396201
9767677532746527331991546045416691
5618231608644999622007162683613621
9877519947790869631882783837401001
3551314129929209312561022115282559
1930313386579706491831606895641121
5351529507200666481041736758324789
8490663817032986411508965020953503
6845693276722388519493910934290241
1953958132953306644532537831598949
8214159218288446812769887678352019
9921589478621673371207709611380771
3142139365358972331371851659204373
6772865945156568030952899082763899
2830374220738545892871734761516259
8439360626182084531399699117136369
1865643548440236619111412892882211
2080184472558292251374354286883643
8025706244391435873083365736196863
3492892731097457581507793248945123
9177639956831862438100635379081853
4787899277284344110971771312600063
3512743571159610541840423931610767
7468135504703235295362547970492659
2575446157072133775567042909978943
5140119038153302503435335206974697
1869690956785665200595134551383173
3337618859049864028348832385711919
2568777816530950766775839157765097
2209171917495082589208109867503127
8310791341481504117220241671789217
1213301114056511373424848553560721
4491352656095919993395137610378189
3119121977203534326693655103040523
3503390902805933284118933812131121
2571399845565211580018254893543227
5949024325730521841879004178529539
5644413843013618534256919323044877
3017525784088894752052959233413379
1319559082863718680269794654778249
7114142997849871474125453297631219
2185885548994436459479420058367197
4790960701923082269313876205428829
9440993501881004786848126978273321
4158854921430953235872003863696141
2429059635704637716936779876739243
2459485734677373831549336749079839
7114545386932524873382738583914063
1102200309410878464518469567034507
1002386464962818100564982660461743
2665094886165435288943392546722681
5791609480619682995498540996883629
9477378520987521124543861893930527
3632011754292183129361688464409053
5587896227014501476694968329238907
5253647245684421621203113444035053
8031389510036188852695434108431049
2243969080685653037256108305984041
9259551180132605173623259195250419
5257468193053715952315252137758439
4297584330108442635849932914476169
7812488910165692567731467561074807
8260226354147395344053196583169351
9063748777851533201519758496274667
6541948835685267636890666436253637
5751214838828295245178711115630751
3058759379761208387104688312050931
9279385011222698025176182833698983
6533701056288076537897868694936181
7791737164954456591663691933755439
2786569290520038892461941547819877
5493874737875566820171538922197793
3928070457581202751732767739993619
6488371378531267027161459360663659
3461607773298168766654598044638319
6063166307043933047642171380102591
5485342048562200221511212130334693
9330919994983177688539247744697767
4912722893069932803565940918755423
7905637851204714522319797659081063
5350522587592711612501782331689103
5515793239186757305176717856277887
4822453534292052508969970584780793
7124464048404308642916343670349727
7247790779623118109610805640040537
4692020911450646898648136731280109
2973045319552432501728282140735411
6545834752208722583440108473723467
5245980266162531371386165010124671
5192368463857676124081907579248169
2920974829495675756365446830882987
6154359417909519657040373419126997
6626222469576953690412324944506711
4702490718077059891256598443164433
3658403996008471211314660925609737
2860246428909292553029928994703739
8280020711020154258212629220388281
2837031610695702554824879190415709
2126916830456698492115889075092809
7096032884736873164979452909509747
4067336733629164009927260951123233
1834962657591715577752078177508159
8609175118048847209574953976134459
4420474720952930461258521771913067
6118675175266605881380225214731883
1847890268379159466398980265793559
5198197667653755143479918862772307
7452299128352432863639149095573407
5070124093173822358384481784207409
3169925104395354659407389009701021
3101271166714792353725784100989403
3323339038173840768844581781582273
8584072123135183324017618561581957
2455019809876348511587100653442503
3949279956819173732311200240597041
9889228190546273924489522288515757
6802011663511717931351053282021561
2159146420094315710603019444212871
9499624999889067277160913961357499
9474443604818717920199877801993289
9377007585637444076049979192022873
6622331522929202523094492331606341
7550758508116541887553634849157049
8233918397532606277299272966496367
9791057040471713842298465512486037
6276666745040170971587149684043329
1849787347748880964346140207039087
8332627691487515850743906730610051
9553561983787619372351256512707651
6254662601868220154776165932405521
8817592059652328827907607564137221
5392259467880469858322547430157111
1307670225602585648810836044685403
6992906710483097955954250730556467
9652755921281733632546117766104197
3556944769082707526493828245178691
4665931219459323953151751586875471
2858053442985998293892849182145881
1503439037617908643432915888577521
2651827671293822134973562818358721
7489335380991353780181742471731959
2903924163096526233749740056217433
3836419270682161084923534002499637
6785391503015328170014945030589111
5574617387387091663481442102841647
9582132797454636495077019258004489
8485436980558697733006222376842181
8912701827632286884829056577860947
9253235949352118573505011010240491
8641779462434512163548925460131551
8483933109924878126750396441612977
2858307247038298573556276797197169
9851069710660973946977751969997621
9148146741293371334705196354542053
2184301278008439239171339467221179
8860607462908306589661752701468831
8579240389847562325884894267709553
2604954500749729595486964209818249
5017253490185028432798148284671251
7529101514004332514089442793049683
2580591125450309461836959354276083
8544850946743113162628166997214879
7760182637527726198699802365226027
4370138685402105335346181597387439
7413461975915000222564501824141249
1124152692413990677888781773225187
5830992009658967629551006331399403
7318317178181410715462726157553651
7037320590882382955475743629472413
7852533062501685552173413811785723
7586630786682021535990929000400297
5606817082131976760449370303908033
1371796261876420556225664635872541
1035314579918338187237364985773433
5944004671555921297361514047121391
7777385252908844434814078388896779
9277439690117761625515074309190567
1238737923647773239137237162797427
9632950198185042961838901441934049
7427000332851712484457240799295369
4305034816770290327185918457518523
4626211575746434158535854952383689
3628509249085778761766880502425061
4728015049603768891754923820260411
8914742980612037480042900407436219
3174281837011376873988863992481911
7262128814902107033349076424074959
6164371004104826328877904607897271
1972690478392463860735634400443881
9155497917632726351034870742940051
1223797067548067317321045369823173
9536812609518652209286586194727383
5898438082892877982276937274464029
1775964424226743422145290938279371
9655180357603448908616357813410633
6953108966993883581599863532353149
8013071942070096628188589262977069
4844130049576552569065071130430871
2829092528141503837169786536614373
1705815811805805160725100499866811
7597990089728316313109661531925447
7032447558169987954245964274230013
7479614096033577637225207412022521
9148828810643053206359160023662739
6042690359901473932189868589823963
8095520185231531320776660411372719
2382334062211340012049615761975323
1517413264955756114544297798529777
9030925952466131870431443803485909
8535152057698320777728097220972147
8261713281602127501859472753911267
5235237978981689638334456689652663
9821784120473425788386826224670007
8995710350883779367333730837041409
1952345878117686811025160943261201
2058426925919932016674585523896949
8421962296664616471878448446933737
2901514577381571825848069396279803
1378901538136001699155302491732503
8451664850408968463301877265604031
2134165376584186790938335004268521
8026129223445071840311491504807361
2275954596975502296292583802931751
9349148206051064847009124688083889
6704905466565358242966415399458899
8966852758392948836584354876263203
7509708981688398126173372214167089
4439656498078776810097340798638777
7074794904240523171363334198257559
1441857239323203580091824669733351
9653522393594612697664593488947927
9177918769507038379536737979757957
6614409800497879447993241502210217
6586627437450658496886565588749157
4260182378072119010919768770481617
5029034176016279386070108640113303
6462468545017790056231006468304357
6154735605767388655211227393071911
4638615973781301893839907922771611
5280736562057787196806085153998449
1696154532128436839476595878629551
8978888077745354974613292708932027
3184365415092050130302668874931347
5213510446905558351110356478922197
8023915599544851013651939052360237
9196921398832177982230089898397009
3665102853393494363850291708143341
2802278655834310448918511445760783
2255521248256990028696293530514717
5816286809378832544374462740694799
6145307683058157692364612052225423
6263881362456837931734979223176013
8287099401651990746901802651465051
2677228815695615739670207548100811
3095491023324415894538994441997159
3862363324922726339204941581726139
8602456374289319816463292412600503
3552832640039342536942298917246001
2906576907108461094560430534281953
7318561130031302409507457709434841
9781241311823773251698400982877263
9034810273899642909332493673795433
9526501067896180381698348138912113
3963541208610987598583047810189931
4397153801743715832091700337340591
5129505979745966733748440042590989
8130016146642747538656401116546247
6174136010610546877407181037141683
7554910172664911747214587694181189
2768531771332890974160405014062667
1975737311136006601785438037293361
1178017821772813272284128568956993
1882000596194828666118211812636763
5276964674873714375772136192785221
8752807942257237117259181083254181
8134709583236062053017503041557981
7637507000820662893893964393522609
5645692180710014665636149624442849
9942750530250714951127862878141159
1634537403173809848538799769099653
4214145020919512969244891470200957
9192602787091327005947783814637007
9127630664657414491116540938048957
7867636996505032445521753992865819
4887929437442918246600929293812621
2892688596723145659918860728675247
1193965786608314022981192288067813
3437293543541293713970095761103281
1490721672592445866637354912993807
5890087745981714363459829866162197
1187260958424043992887873364131147
8456474167742335588855405704415361
3006943159753231870231977848524067
7788195492971533210036065579292057
1105036685685970272329622695323529
5761115157679672871430199880905397
4764873207721221628813096940514433
8497543330262896223389565828579453
2873207680990510052520907248129967
1141665144791386190067529766279107
2474626741055908469182167419687467
6004408178040675243632920142325439
2627816516348711386970864817735871
8160281343014981607861065341684907
1492799176443052222502773666538383
6146221496035945599425033148808321
4074821059921455654837473108688853
4257799940936319951601654421134207
4101722557994071849397518175976043
7300283780571224944703333678122369
8527006253740670045278629689341981
2565955918260186136911304725056651
3647546079330381327320435624709697
2871533211031565186765497355625181
8783444502672260257053221350630007
1789641057192636624014659226039977
7314879148255867178088822809632711
4100183009660792927810267784951199
9361425418712770880256639449895527
5086615313049664520161286632990787
1902345775711520962219819708801013
1245697109686855135868862727101379
5910549383890529794703944372386637
1676519529322398373551491439995981
1481067321501618680826407795943353
5625522455532962694565074745634801
9586126401884400937064332187949413
7112274304551044814143637673763269
2388182041000969541522481336698177
8424888287067419544217626291789733
4194776326669366351972674952385887
6424748107893576335353205223304397
3643564476046378710703941361321627
1101226545473440878028536539212201
8052869150809502794804495028690693
5457795060215917362452559284353859
1413448941459826221148763922545107
1460272975483259878540023658954637
2926222573106752957321455304626029
4326925610172530402647403943562081
9561693890474839080276743211097093
1940452326933141769544386771582117
7564224178877070088875502677787883
2469250400800247089051546831659721
6564779875567272209918760697296287
3414411182852760110569032749599409
7998959519998290074819290135122533
1705269850350534626539394970453751
5838722109655089543357254783001247
5162127072709893216407923941191797
4911535792259582300152779604639081
3763658100551885875397660829468779
3933851267305879556701715069557213
2530839331427126481318892563070391
1370680074953325554683904229859799
7488402966591611031874827350366527
6306089327628524582226477501365147
4485536818107777651534522230692477
1578874390755985035189640979693147
5493714330394379385420955316841457
6803673708853985518069602078171013
1705644167869564087711494302231651
3401841485218270228017874374294767
9580148669071979071743157615266767
2918214619239323572721035784309639
4883360020928453419955668754380843
5046285077020727585408670505307693
1457971552964890066300925445150197
3486917973740665020704163662242393
6395847471005117788405618518651973
9223325517133819588774227545775317
5067009493302394180473269694173587
9446254339898710625912266268105773
8913065921086673584273241949293657
8344229752154299457133063305869429
3820328253002689623849913927669531
8183809702751515608009244553124469
3228998128559485588275032584575361
2958740835731171603247630805554983
9702196063976128065368555377849747
4478367029705602063270341218321447
8965259691692335443082681981445561
8255981047409956902357358868823409
5986967971269490615988238363882827
3589511364092762309538118520629573
6843324977613888146758210835772127
9179711115952264906017288895163867
2066626476965810807966583591439879
2841645512949913791106563912596477
4985666195054364973074829808831017
3865811721921668755566362451474901
3580807693527089856401517282487433
7554262702413838728074931547759379
6632501432552892148829628915714533
3131038318582552996998027092512801
9427409435857719037088565671239061
9552473914643466729859103994142609
6694547278869726964143453124341187
8091929491794728781432074266037611
5749858308270588037115914104527387
4245269920399948482805231526257327
4168197731690283850820192178285239
4608393607328039594394450899141053
5284603624878222411456223666537337
3401871352257514920180335517211921
3859109833872718487798228883053563
9246539941852699060434035245918201
4461193506438748910530295889738619
2499146049833798810290945722231529
4509497876602620662465309261331811
2594563875577953070019214021272819
2490319782700254470752266653081347
5450381757581605387335259300803649
9794072396649066444774821711577137
8228268956042016361406930643987871
1915806806055508793990774724505739
9002303967512608143653974280812141
9649664480123734631422029744506581
5827917874917181443359309689545623
8423086762361233765025491466277511
1200631197135537760742170100567627
7805858201249167151173492816953277
2711758804323221694928289208294127
7112211544960126481268815178487091
1587226289848875440879120451554003
2211432031415659667729215854429877
5010895161623201311738032899958431
7012140361366446747147250594321787
1180692895978327751991271024447243
8957013510788457989102971660529137
6488677265684606160842333339087417
2924773095898808259578866291992983
8580775513692118621117069287368081
6684805906896218288073681475425491
8786929415091831182270983019544223
2493194165197809156669498162130429
9838855492273741517431936403264867
4076693107598373775858704042720941
7188748406819446591017936399574669
2118279637369060700249045502935567
6521864527308837764263135638930541
7897410705073535895236174722203269
2574329504080781022010098794202019
5515558172024283145783893368241959
5834793647132718857012173154559523
4683694237967062815540338173416221
9000176574293010440009805920583193
9056895024532295101850482986713897
6775052738770253646616535558029493
7710918675954724094003154128864953
7112243034830579710064626372016623
4730639015027602976143168147311511
5153526946859515971509426241809843
9774748551396206668643202980492333
7479221764639823038261142272306529
3025709012860545062299103470095043
2178455148715369807919352956282161
4867960481656929000756786580470059
7104303770017862123043508184684837
6683243837672444769481388678100983
1801840667977017134174338663441501
7322578578285878609535823949625313
5087451168190720423596961935471473
1224137832881040913795199239840441
2052907661147406769053928263606737
7042498435510670633126990883505187
6169254626968113150038312086870739
1347757353319754845434133424367559
5938359789853883094912220727651281
5268782906960933339586667233793429
9607147357279006818153207341978881
3692953782740538427242899581386011
1184016578788010660836850669418361
7370245150796360320848759662088383
9563356473611624760228660515351713
5561380570369386672811408016814961
9697908519653140178656055751046319
2684862547070519519653362728228371
2496687494173798471610582618400341
1299404282407618971835273000070717
5173980601006593973224350597279107
8971750458386167225167124962877109
8676823376656263531012211802035493
6318604100250895864609982641175261
4953090168989438158166607702070123
3822079137993224193938847475124177
2581088119176081233443933131588293
9507565263021447172633707485996309
7624780058293141411593657143819569
4064047398532192324478903147547881
4255082433045045358768840098311843
8057218005833337893419974644563331
4310200570971705857697682620933377
7128297367397597075401483829063563
5365005425017670664409403573013067
3824162122432935310776444242490487
8509840484679582518592622586130377
5959282595878273234552170620808497
3288732724302926016284158217821589
5047667912290380001058997401387321
7504596435702269784411339027561577
1607155096739332754506610522879227
2780249386285563848088214752472039
2302273050824641720649612583139441
5630932632487985477122752677392733
5205065384623240671926344771225433
9394242741553579803829511264558341
4979181688018279315792101736981441
2827325429231620072160703213063971
4944456117413754457217608041231307
3774781100382066058830270178138639
4038190150735150685207416931060309
3491357256633642768456505803552503
2455038934060437944885500945170523
3002161511928960006469997412284807
3932509576229126328822023189040751
7665610210121273458687713532560457
4343903728404229346866260708040979
7535067449439774749620701109052491
9900663640481074168283936044984021
2244991011505619161399309410245611
3891001764961293992726742861207563
2166414150632491167039108242516791
5019248095027141920808099883176181
9812531360079411718826102266487237
4478147226212854718962581612827287
8871701996434383237276331989805957
9763132866113794117203776190280867
5736378269956105136002690166316577
6938553967196247007131968806541123
6777216526349084059776343776477197
5545955903203281548315741367953551
5129384224079476196281418824549429
2804402770474985639227018745349161
6000700346825368339198359973577113
1182695761681295040371720846775293
3192290130606769819814484084282163
9067357857518016746025495735231401
4489413997051303345409545283133229
1759215058135694215806015564122053
8109713380707394957725085103960959
9423470332389350141288325010964969
8822294283175393862593652616555269
1165711984799684499405342305546107
6156936283000634106696773685612757
6458583035557034489210028182214071
4425565944404947308736295257830239
1729970343061213584834726687693469
4423603513508038585344040653367727
2137619235028982414195367984362087
7679754001033029959884318637924911
6113628353345439538129411227994259
4646284950056938204072491007902733
6844194694063828931563145469253241
5644608698728418712111400747027243
1753973200385809117195596100413331
8284587474471651307339718637040889
4948501144044622233923821778499697
6851296951147774080585336898100801
9080227808084114464859802790927669
8354988612051744412991900110896809
4734554665139858868810711164928319
1687339363580168889616795239318263
6328877838048125938510658903550407
6812152616200623870221816074588589
2897335523595862783643548697178439
9237667113713104161505453297606823
8556652343749897478976724599569851
8759093288377354669417780400663693
2911025727423542053345237054537607
1271964127706096464025421462720737
4422669009166075401157484104227299
5750656256949825869487183544976729
7053893790822521386350384529634521
9948698955390799663433081281653239
1652830869837260593806432473024461
2304536080430028546984535612503277
1677501241009591718255739121527413
3644328898779407388571644196974443
7108974024049331494657128534348503
6080173141455841119133344267444689
8203410665931766373992296219807769
1840222335381224346005999931185167
1538207221109221882682481901022423
5741547719986610123775364392709579
8580865297887517794114836026417639
3090913949066477590970728001623577
5122155041292623879942209850959079
2695619884038538882970429700330467
9174799254183276219855696938144531
7396759554172623207343954550086337
3558862806471818105084409235719643
4554841913211212295210715682833739
8914598822658825786305043039228701
9902831196645265143642792438199877
9144030866491711684048973683870459
2801565275842932719721414319494299
4605943144443290696241690771843097
3155785005003672834891240546859783
5183664048526928150247777433833287
4062596430183964688541731164165961
9222874669437525929830235881791019
5519394799879074725694174492758921
9999191482478573154782833235474753
7111174005779401418999424281893613
7984141340424081375400921865107223
6065385626344107133526972857476719
6021911025829230756299302758545801
3470143419939354748979684032191053
6220681577922642490440270580692071
4549525712395796601021200866076891
2216407935231905122056088519803509
2719896668509509693593691657272977
3508627175514811972104554894648491
6009525119607515988151984474820789
5970436953965393194122990659791841
4524970589918428464327352994063387
5241207197901272580018513852759277
3007647623376534021073239081689417
7502465416758984853553847843000911
8083823244784654241499014362261633
5632632448561422187623507231957343
3462493780538758222152347605829059
7189187639974808029837882832965591
3333188607981550128931406642308039
4265094887848704328659425807303329
6266501113935537609085196724993469
5190677146835655281107428217676909
6980396915650713741717974270523961
3809965822421411956124157975941551
7146486010402351655952590642378741
9646815758770440336267101420528827
8946122914757559266610831074115913
7476834085406905140925680842248141
4037513595293440530353558260908787
9398248580883294957246952190220929
5785648836124287145985146514503261
1848046561450083538119202708707883
9733313830989906028686541676299279
3629221007758947566281115640621493
2847841526445699371374448662394741
9565562122711036837298652638891201
6355575163559707508118376795869577
2578537333518448847409743281310717
3360981202624170020332167375473993
3669889483935410660512477892677271
1278773382903392871502457102977783
3074882159681309831531512571213831
5099246645920347494115146425807541
4219914016649276440066595024633207
9341540755894026711813761218536061
1713995325171308623773050106316913
1578849897139448645516668847565719
1823622851794367897607064631351939
4149681738625583715055088630937533
2877760936729573417059360242264269
2812923435058892211846177983588111
5071056904439390049484097715332027
6735491479808418287419216736450587
5100462454264147943795885135545313
1636247567517592385465550464008393
2670259448034723577697404452753569
8397254070578306247741305673820747
1388565484636837463362300831865879
2501496669529165917939537112268681
2135710330139603141392192540014439
5133911279039226724683072651000491
4477871164244091170457664025354299
9592011795724906752102784144876907
2545452125997835206112150717092667
3029660190195816224191574940738253
5368550490785565174773749047463807
4010783837335242390114856595591981
8243937671631307728810534454372427
3825454658575859515325435651244199
5474436260560365738844267887493279
1993892293405098989221768068939239
4564797630264502780063679796404717
8310772802246231703127435931582599
6928757757159304965799778741605493
1141354129939311134876680076228501
4519782693214537228505822997726923
9201733803993936181652041334808859
7477700655594418704502766866493491
3890825814897825605942374495062059
9066489226450382442703204816281673
2462558155928918336415977030336963
2361214930351007137764558266247703
8199849548368834112813830937238113
7335363976692877698617924749871719
6278974137601710450291486065060551
6164903938824521005804885166506771
7127093084281788809226592939729241
6637165977732231220501307991277817
9567331780982230766040984385369951
6514446779166257010886156810556053
5126251272383005427797110588481307
8293949083766926978012824568219561
8406212930091950987458521412355863
2279301619641679511874881302046351
5826808040558544190650673158566849
4568690548822362292627153433304479
7555641605453526229985254835534987
8453713303937979215315399699079557
7808922034566140395675752945915719
7848937331209031708242908811377823
5182424311904010063906523650601961
1771716990713690337864587247651317
1178570797001174168778983946259223
2537402983069474376614796087535221
7661400866164716370670474503963937
1579509050302145148379997275924483
4944929220883835133626188753221131
2818295887553138637157119202462631
2559070284948779713519366218833189
8380759231127081586820209859235929
2536771594602882781527118649473837
6008381918067401475503724058530917
3793519181008924515880804186620061
5952628248713991673361679257436763
5089228950225687377521690085260681
5812370127175935121212906754411321
3912795827017048128294618830194201
4285242817843268021252441238529387
2164344967541660302567348093705291
9930492214164254009375658414559489
6634977654080397812665118627144611
4150618048977356306337886592308331
6043821115090759336387171016481313
6153732998259156081297453945641761
6483395234443320877013454359343841
6415495836233657956995356855319671
6567489943023912468919024776236791
5170150131710842646008881295599493
1769043056671519084215759103378063
7100638031619920411941628374706833
2622543796273248433515805063071721
4439505652269052739839989086407541
1372033477191799777611838392415643
4442635600004057845483244132409403
8961179790911604454970614297928861
1841604558347682174656736138763951
8629955152725914080219146592194527
2835266750749368987731086756193839
9063576323136269359362164928606593
2527490591334031078417314751628681
7600058357304766261164689191005493
6064530851189501270344637061287123
7638294584999346692493673212802847
5255985789873245751073276277710021
6866663323929477609423889437190913
9069982515159114523999339125367331
2483989998994760380672778237426183
1037792066157460633603804812595933
2365012528668019126861010048053253
7412318352323396597401328862446291
4653780379134292008473943020347837
4205951978981976690101363863604513
1179672738277056257245863652404523
1094952225985712024344438764047809
3364838402334154481521590725624467
3031955025371382323109676948043749
8973492470536269126353899874791673
9958383942852971881508689796133337
8087154220970850657043444070047501
3339153324865002796665169896412961
1965004017068714866108226223499513
6217996788582112031175884018925587
6984429074449491427025715613428259
8070103479234812590319672962050271
4152352943954418507455051573671181
8261956268215472842354723033085801
3797740602894763749291595187668961
7492329738450172178375339030608441
8082980722637596471161042377963423
6795230711264738264955889616910931
3790344790637688319184875133541781
5424634489154816688160980049028899
2242698609331621058451072691530979
5872991259148054326508964737006481
9321918490154237988773198530043903
9536655943825409602264904120249591
5912715197965715348861837145447857
7104232310957846905425407655708793
8552933261157725321828725168225229
9160541711922855447223429494500891
1204635365599936211599630445958383
6670607455551647187174589617516259
9471580087774158505742446385884603
4014324871688916046740843918291019
8362414593811916809717474166033681
6567536463871771345627946376462001
5434167682688241149475006332836993
3409689776812320134106398327640271
1299911323204915901330121768122779
2405677586677347102370787234330207
9887726387156082781321677067747387
6651534659129628066321290570683451
5863681196156631998618930628157469
2277639166109598525696884666319707
1076360935578198362849375381246261
6254470436434939258716662623232957
5380135206234661616298239086566403
9465221504024060533857883589983229
4512844782252543336382417137759899
4516356128927412248113324672861651
1638409946512135655926530850421039
8708256420770867477959282863102011
5309632159932578613987352659455881
6156253913743441900763193821158103
4741520188966229395023751897107893
1357557378682353578550919198078067
6701986162213286360313970781069509
4968973004663899805976501288390907
7980448768555491461064960311870741
1054013094580301775476305762286081
8351790149992493926583129262616241
7123629026045032079853386388513917
5153580939924639226888300293055639
8885703111193259465055800922503287
7988317465681905267920791625109827
9666022721718114439751399020107967
5197771054181152931629057494021743
4279873226052370647145947003315823
7007107109907458427231502747031509
3361614297495427470097143350733161
4748886264811311931067984059645189
9696074102647192700849374260647041
4768137460999857792826285882462007
3267042208780412117049432233576831
1582493600252149206275988683612267
3763150913360713680094061143817119
9182160048996326084530272726344177
1262871026397686353607536649210311
3459227055028777608589076677412489
8028403273239389695451070250470943
1527354498452328403567176686232527
8701970017981161263954799768678239
8923008902159118053902163126476849
2984843813691133091807556349430263
8257095766187245571966908348285097
7459673164133007004910455735636937
8656299165315341138007869939190389
9436458276793835293194203168404897
7380503953422140603171560182247181
8129189621240541326497554799005437
4601137777745548640534040924489917
2537895768624663586637798283157859
2317736287674744979003517413427231
7340692585143979829012330088908483
1630513435899181002438811291632709
8652596932899181698196818316767793
6053554040824885642096331650419913
8280609437662521661056887671546997
1361767123676115595443560783497913
7035738808900800492343753233227657
9819557045360306087471905317141389
1776613638042609783634922794813597
8399160838386479742987218064918833
7440899828656602023054486453160607
3581682505820275619025126259150367
7256657860880138596444752172032233
9865403355273292499142633826478393
9180138578945453652201807780072247
2547880485707244254897148806011313
4099151657617111231929054432781607
9308747570773478366023925546302739
7357071860792422372731113939383309
5089238509933655760117102898420529
1310523415435817193085152940743889
7434262777429075585593579983226397
6833372823358144329493798017232091
3319540961882205405527722609228921
2882003219112532687522106056260791
5444209737947210688059379637439351
8231605488747810475255261925796881
8930356795736489832726720101739403
4418955695654563188611052330400163
2525465588400643909167628786016993
2684179798993878497946724761043169
1851581562321145412496367851744983
8108685596964189394897424876151277
4701240832160546772213144286244621
4651457293660181760826159086139213
9657212630887646943666836876858159
1348235427420023359167517454621329
3091055347873015235517967832238293
2407492016399953584678159023198369
8128521817523024084656089628903727
8130577234143945218374164767284259
4923084949194387172868572491691397
4764992589859119075256266132469481
3178880282072881138571609779401131
2181999005965641484797067802502491
6142698140536470958780414356520531
8981398712477014635014709413333381
6560577432860466850463503188094421
3310483077648730987102119633662503
3444793588186443058401333336188993
3176768235380234284814508953625581
4217351142933689115460083977652713
5040739271780889848218826404998767
9960432493537759510873819539877943
2734188316371222636932349777419441
2563989127183937566854596236432537
2489368551722175100100972311657499
2212323283152484060071157772631653
3330991406805272076847200873018341
4673044136229880912182451278673147
1581850867867397523682910671761557
5712108216353156836299789263535313
1747255529171268676917598183607947
8811881906887254901412095272217669
2369540862239927161547385630921647
6569151631188972963734622845699267
1120581009781789659191000595395227
3219166855682764601572579237190417
5203871860463364372144383119516981
9664763618646827240263874451162139
5365795237563404242537050616767311
9219768462212936825957164829830883
9456255747276371539364550754624253
5340045297820149914526086557932167
2927116831071946208080430580474637
6784403157911572663249097556824191
5007840510900537290569778904870641
5708700476168768647052083100815289
3518731109503813899754112242863761
7140283325796668949804636876188537
6707610175493951229956194971958663
7906394975767755854308763004767141
2464729182548931821423324039131931
9770152770731833852115704405416119
8494254351719434545430534783234349
8959363141524669924129158490811651
2617302984873067309588886561298839
6466834899632142909036576404425351
1835419940840333093359915501430603
9355818917016037022301041103992441
3701335778053780710638406698177591
8490128130522623196485302850824757
9152260576548435623993207594235559
1695434427664134862429752242960743
5420606388614556571959657833186437
5198854817556379501045207040640523
6034016647168346887955379007756129
1346274006385180713374827619996711
6219244820504913288535941819043829
3146460367047962220715278463490849
7734909552263604632392457986433977
9868090329060781396147434492013873
1324996059112543173366426540309071
5228236736694636276532102291489547
9472290754547538253588205859189569
1538260679358583108569878910166873
8775656712069470331005538631169363
3287972341489983542262332139068839
4238763726572398719348194296056373
8617091600266322942348664788605819
9774319301169880022336556616768213
5692258561948117556155717565425937
4594550998443042188079639661788281
2511090123966263727872901876073573
3586696190245839729444659858191471
1102157316692406570341888542946747
4831866086500953463888664252052607
4800267749427797013059630454068807
9335011287006704952566832579982589
5363303685186146091069430645327157
9600258047803784418479070505078847
3142002404828097584579430669626537
1483968406309946451989312202381083
9550816989256121342372127528374153
9505210846041993122307887527295939
9862458146831571388136273091877591
8603277149818527830730312729751891
8738200901216350499245743646192297
5724925462438757548020509489232119
7717879675051853761326341326515821
8762159908306096788638646092094721
5766476401504978641638130460420687
5768961378645245821082729441622743
8503390008716392592078186522363243
5787816186600980898865706387388413
6583314059257585307374099593301411
1534354578644682378776687610065417
8094486667196495785271987679816787
4423667038695610219141433385000793
6041508676529387845503328409958029
1003344575203176224255138780415773
1249517976576491290502951124356399
4880798345157594537810812262644953
2771702235595989521464512024358789
8985874645712150379615156453052981
8385682563175187117011118300712199
7939875119502823467331975502802791
9535251253524455734853964186905827
8461480570286664950808194123882191
8001782136315512930788442475599941
2952836086559432890864062343058779
7773253554756797257881722119542539
1160742887023416268249250767603811
7591629963874519592338977261854737
2358030060386447284022102457816337
8623823732216052721986732681663641
5549518048499905715425181386778657
9020002625732496110135032773845491
6842323349948001740798767443920867
7577670965219196574448392234514323
6505546050254952691623058734221821
5501464342633212870286031999252521
2634963175374683123158231744573661
3233700392769663476884694510457671
5629210341493704427709420555605703
5239770333998842800863706927299237
6235063346069635972237372306295003
4766468562671327991679952665132801
8956992198968588356501199799847711
7631412176392531348062123193642181
7269341445981091043292756455543543
4078456842437239640894402475735409
2864443259804600313222043997424313
4595409765483419176948505799009061
7952997385775472820114561328980387
4615392208694106045981594268599197
7677802046038106717550853035109037
5977549888545192007697012210506547
6932068198741016318687952935013553
5721802051354168278535812289430207
7424352627704831167996684949784083
7735872710537949047247334274033321
7647650319200101590960872838710713
7527966100439953414199731561075613
6770904358179035093953438968704833
9069152949158171153086635646723519
6099070248850216288598802532055923
7737494897458755215054174732700451
7016262036000518764933639483975979
2344614057440406350381073940114337
1446390893566189225946308895880137
8857199545339410581517016955890133
5682080712056494201893061812415999
9238421040166985963364072753423817
1260223941204703791626138943454517
5401004989528975760146493507664793
6256615544038341744526529614317103
6095119518429810129703074227014633