286185346344920737388991696974024461
397768481939670716220251310234129439
788651062872311568324144698773335617
867258185381158258104032162468932939
151373099512130599329468914438671447
733318453175845322958852157437661651
791933142448859210488469720132646451
295093490489095859123151800385932999
397172099551570731562638836999319359
329827660979929389186560548541269987
340693787406428545813582691897124373
685617457487607392341125180990936209
781563986051451380665122026604422411
693607518332884934205744436205109593
292964119703720847849460096580301553
596253063007875447071252912204023459
200537442516899296179384587035234807
742278715339055050146783629520341167
814002993979708926293636964610684109
218873978827561174387262716506707003
822907339580262193222191708844650191
619098617628998513902530126327639469
300574897464369461129744714603605081
701291382378582182817303437521859551
266653953617972444399627186008457267
484271779656646106081280336494495617
205190448666999553360910582289338659
351857400367364561658899153978914919
117522998721693036552044698882902889
854691950685600408585997699644853237
197400808096214980243784789774309647
169901987537457160009221369450439387
677275695668530226108053944221871433
440225111598169059519644853496136197
268535988677575857968590534699056791
605573924450478384553268809249010903
569184352276611216768343799577248479
867346422681559339664745945447538991
997465336550948501322240740062843909
328354196186379966072936405539616571
205734068952940557800083780391391539
617600588119142951780493442263363739
371523867165136239040361330382226193
904161952706604279794554379465040103
503771854474871022292690103723237489
822174607102533931145167891315325219
885855726266389097287942119323895271
550024378086637012297039232370506101
501960240822462212724237616747823779
965591733195698757013705288112969033
405383146952879868533170687480908721
987014378413439155143724935520969273
373873235443802213479261001268915343
453389011381544310819040576822958083
566228298230683247213818167209878573
426128769654002130898025134139017163
237495190949749753274752022212377769
503479939382207799589606566599814289
282730094818455355704163473285191437
998976387241358807130116544262830379
415122275137058682511863322197943037
639697762605307699566028935734486047
920108469127851895447276898507238211
119820057337069297065243512420765659
509055846840814049852426888717852351
584199930088158650333635597733937847
162700325526112250920849819870708681
291056490171691869705089345960887343
149700641945262536503756880922306047
158050332288136574281192859191142071
605765821304591506308210952221704867
868035721486297607778332329098385201
870033615050390803089559398185616407
341026185992129977092897612588825847
958626665036882853591368741628004619
785254019259044092164300698152186831
290285446285114427596198895143549073
742664907213851134993728535949134111
343527472836469030146758749789035593
469125262969573885187186897917036789
312881063270759407940792597522729383
478550451067426735714482563051396887
103217735448803513374784657205594023
423620446919872819703205467014694693
549615057067323362692639667511792737
576742800976544023023185810345050463
648082613839613787738049846803562049
341750567177722920784312392557536537
193231299894867367088732136182353831
854299459604065543879360480027893503
758633671322937844893069824705899549
905116584413388757789003974885540859
372734757629700094760831908912901629
805076703516770404290794126345499539
778582036736409882376825808407030063
813893296017730949680443405280705451
745510857267336306498918761468592349
454392850547250169704065537029284289
462437340954848140019077877343458729
484180995894863667943099935583375663
632438626512880175623960240127725433
651256396255021177839022570846699373
546660832336387639764301075336967591
170900830141005423632225598248200541
147849070791924032934530427501024661
906634208108488135080056365865056553
950311858915089859087172583923472661
971077948533149689888896983669156479
491782034743580068062084682993987951
229460500812494322946645494866054293
176514409602867498950623223142937657
370633137079314626357459740475425277
942222394630707160826996900417927443
677516156996568874144580301605558701
605207305206411872414868622113907157
103242977904605119683690749965955131
533565304960398931779719158716437513
567551102206590812445277948932949943
377476117908625476719579059402301999
796643856375350118987896799115604833
456548052012604057339397900198670397
580462636799153971716570572581694597
985085176121007047506677308998789849
615586799866663649325431619515354429
971843438382564228471325557689402207
508330128801475529729755783289439181
729652925779051022847249900206772157
949491265305658924475163968827356377
682938583994245865601884514160277071
745224174308712752212559657273956379
964445371557242664166584620073507527
929867660391168834804756220958390491
829656167223258208870191787141510423
619089717752909716238721829701416239
223221323769199919842620929002730287
536203352322202800530433280249069849
890906485253571008796513389098726171
694671935613296638749064737716263373
769852273547850119375725525779320963
217982928950433120256399386243494899
984817587126384736119223833504528299
347069572092101958568129100777144299
217035292549025041868210397763212181
931892697783704729458930059376948697
220314288652360011824299104106289453
668615250238240347813350446564978757
211217870156904177652576820350680749
416677497025067999873967535863183317
151715843334327942684825005355437609
739621363567548355506743944654897801
872133412747722866962590749229360587
370530677705412233672656678745286701
994308908317425618312778317411291427
938849378133266936100819660542837603
944353099045564035699079414486296733
572864935746879313355647516464869621
516407724142607446053163797087991537
328834683841108722711758605757344873
384116663726729560550699291852532949
421965186327671525477101065008948551
453571978383787772590833126829106641
517214585026133137342773070738610491
728619762898124247924131619092300419
480878830744918357225215299884653673
495851901587651210938069506855922799
743897393859983469282690348040033837
148006994850698846490073108245451067
941363756643102550363628279315123543
108568244975274366057150594204115357
988622248232888820596430112189427873
120293958815670246967674731739241163
461946205724107554493167955088328407
442207569136993658336188201341020221
728033568495629141709577354187586967
818765152020654996245299027399625257
513341269847151757051428546115647331
845740249870992417509652808816359187
416022637090961038831876587009246637
369068486333428683249119976201420521
184373507054638947366218023814655829
402826618262379614075628514632995261
767387246749021494719479611267806539
945616306921258785380693485150310027
354797908390795091059343579193242821
294831799577418564978221378293686799
983806354190162203136519075617465171
805300176781138519786129805423175049
958732676818514301898438885224450707
490012948680712410829024528753338709
983934410847442966459721904123008533
428514588180587396106643448544454091
190569526074889727557329477158725147
712411156786820942334464745604350143
533244168751092497319442411482661117
632142980136194497788310908456448423
623269898060556024807301855360994591
253547799295706785157297194925299199
115050285490990055066923605038552873
526363479325418356843558004910858113
611255952459283472245590401987709541
910119843310289313915170992721866057
962648935744470983607395777481781463
592042586971281723049358425369670797
559066421264401839421597082266793189
958664944942459655722986134349943741
232909804963324156554280685010255797
299095733641203773676706070312416433
548737404802782565159599100771859473
570751615350552447331580441910202717
858982073251641042264752331887733347
113503893295447952225741447875484311
754137608106842596838343483035544209
211533127168319732253501877191665113
148324989476993234010868011596892943
235975062930244603321145921637359521
590102605259937050996165000476663799
401845250889122762330921146636174733
200961976673121639291448280351751523
833878536212269868032402239675174761
915496204919216876952268128438492731
852775148976166048866015389644542683
418178042888076288134066503234570787
423304832513309241373016876950832111
384250598067271405123576025072754689
120548025645306145071684677969574019
602594017558062164434700489507042279
206791980559013006992392170964214979
123977942355945268860278144261331713
782426657657928117707352682561471249
625517591272821611801923635531775747
939403109528890460729377632101619403
949867936556566175522871817502590019
788910817936994165763076035602275783
822752446783116142974420181257271499
779295053431984654272616898473248139
679213427355121541655581430048655453
548783376762634073639674355518572751
723511798597906516080147889337990149
698767284976046372857534154719349317
491261914804077751631732102724348277
882955179133060308911670102325214803
236000769528746674649240711880986831
153441605421137153383386631862800339
245202512439121689804011614085360683
298410735670894180212383697926935129
202802292057722840848166187813635251
445655261071035034249506456537914189
367103511406587816169410423282886249
399279860079574128837613320429624367
285594629673505833446206850421170819
389770043880132658583971026762964271
990263707890239257818922498562244727
114810115780293862089365681937592291
982910852975603561237499490916223551
249052699738329522887906889677447057
507562960592308205608581058719996293
319271575833722243478159284262941551
165916426194358449091423433134698611
914037361833294902832631638913338287
255609049230337674280316732502836723
480459320678684197610501972122457017
462486086807976530208931899668155517
936425184977633822894669764597057883
873999761278039148264502995912142743
308802862171985085295919724250895041
902560721216518597960207175497624651
512396828357372819176926730652155537
641669614075835419784755246776410653
994885425739909219582557188062768111
492992368003414532382014581157547343
282314759991513558828579379613287381
173068353866216283818410446114849499
993442497115123514686687810287891977
472872069943790764358718119158610177
734738905716290775363138473406704309
811567572968815300770737818157790871
801131943960883392170450148815657743
222442381534985195466756514426957169
917468855940687592450361297055756109
749784761729652928294288137640245053
519233544865604289788132385752401337
316098579657410499751370816232149113
657492716460341892672546372017579539
535737738321221903074973116710452591
655813239632292407153690099649691097
815032993050393655485904388978240857
707369885187318607014833426130182227
390583934426136030987586158094136491
953018005765223681956840911203014897
375765630047916976172648167404590117
913035920808394342133786811556705199
228336524931896832859736584847609831
575886216569460886448142887194149229
105723589809045242268608687806498273
247162451728688175554547323447019493
679377194022089834582326711132350943
797994794550626965609692231019963277
702633365421254427748259178580210243
612551768133761308036647832290015421
893141758672832880860181656312918539
439111263342216193275951640610544587
317800578185516264290582120555486777
201208546412488703940104432143614893
121681159407771416673769362729793723
349689595509834777484996845041454701
139970797375257079755502553856145387
205031999099427514908341204849119523
487246871587306343423074208811356119
871675668363369078030638146080448007
778300652933157343284848920079571863
968403971253381950425322174922151837
724677581043524410900392832665710261
282422057011687977300149991853722241
441769353625183923732628097879533453
585127601634817244714287664918397143
623855197464573507480397654487768867
318968187813513751232396020327421281
909105261479868263641948403555330591
200494388120349817198642433925814687
880323679390525784635351852808885053
289655049900241921134936495750761723
405478528606214030871958092513248603
893404079314615978477743844889961839
683847949110783216816763770575888641
620160112890131288261957253510091793
969576360092973844909509670839515077
652214395152485191907857431740759321
981169152586068601704706706386948763
693846012659982649989734272537183279
354236947089063205856278539071108033
903458254618713770405405023895821199
618468902023637063221385846771429723
745608694346842209525322309420799741
429123244259186056659141946833556499
324232695669398792736850596672047783
724215408028538246194979377632903931
281917485113374806658823619703017949
816724672130390629408654954904862019
634767711804149925033156040275665093
751298571780118912374166071696802523
754880104887047039708988423811280393
334194939104816635179959392608613079
536269825003267077535003144841941643
292411711282154502206251029274477183
391915328168799737670686410770797663
469817922070572578767866716429659343
557809644258749151581552524136749067
701402183064959851442142691745349811
590357058722933189008098234879783883
371075713326426865040682151915988077
275355423878974662448777399368017491
430880623926891381771925252771620611
767274396628590666508480277497903547
454296441347861285322295569482352413
322303511342616513126645428615410687
287027468060079386763481630531276429
305246652706179547833613900239412789
101464212866776596697206148845192497
337029089862696346893930626148645511
533577644742113813298957645313130317
893720329340073791341689066046644071
621484506819876676065100697968076401
836960555574092301146454773349605351
327603182368891467289395777966669607
610487883944136782249813902394659423
136832827382491622297367078681773143
465269187982284222773393030692783889
955308940012389055336956388732747057
121800885419523172239230607297657689
773773643319807045772802712887522167
118932315080812458787547390026734403
854833240414290387486358598542025797
336120544454946054001924335326620171
965758547749085358437783692076538313
420587303412187610844218486437446467
271703306679494019532487058911390809
942743336914320922405063832955453151
487742913905418844578466523532843829
118967741832079421320317818292129401
890464184795668772960989194876260647
532219670400066827688227459540777567
810013061840611197455637117094287211
655002475677460153963231662323248489
359109021514263057195429578828642327
838266083882225431467209095900964167
289433652846663253335967897074771347
188666823095301070012067866386840461
600290592197035401603145695609632861
101148132255482052245043324654471851
132733861385834544701911724615774729
109538129344301290747497545655588593
933684795731369688144630459225458087
680102787406313207781529369222216027
714474854935062444129741490452053737
395458377178347097610004995444369789
691228138268244632124320831414507033
603896562357182831185294394759679341
221564539309575062597783831004399331
197255318557813408413897838091703247
966925293135484042999291440004062529
830588976025181866217145994629425363
741134797054365249732599033917717741
369870881759554315198661704498261061
502826627180282243305053846674856709
115130097530225402841939406339504699
179531906717559439683352829151287719
797549907329204274102008551755590399
118658997869710868610704262424968277
297471245516836428248263758610659611
193194285471287273683222336631182403
636483342749331043998019133872963597
961972471021788909262932274522067339
304718420402489015401070181800042773
570418342205264255807160806953065803
284990546828342045670927687962672621
365728403498001274261470191663892553
913344812926689390566711180446175891
786274822548893582851768839516561373
722980322599264639086584439936786769
866799530299291551338602305719028569
435345963947824122033273629224264619
165492693880547132534141834522220967
623035913949715309586907029679601873
403791821155535378870609833514694473
548887426990115241480909169923340331
841564866685145720141767539439339351
944792248804538839571758303523664409
435100358002025955762255915251372447
210097869123359546665172477260345487
898379026756018441326591391869570763
688784122245526661071427002877784727
672388591931492018031920403064697707
628773696116384704989965152367466763
260550019321205237760205349914626791
490003930216070498251730734606816673
956629055599748067360300661759298641
355584503629200218610044833920348871
671082503702925220950447819438336917
541405657748885185727056738488597479
207321196129135931517226625003057747
391229449495830891775409014293480703
809077060950332299812406358467718339
710360388186027240254039455371102349
866066282634243300317832572744558167
812816777368888823457208462599763453
365972182708273025344967570768092301
272379738894998140501542193028208557
809377867694249285341655854725276503
393037833157335275751561817623404023
263438283085952600298399666170230933
499553633808659100057615747161320649
830371346244842843970615078053202247
151504148643009059721224903493448361
874735840406283317870508536056281389
438889984969908939478229143581137861
961767182217111253539603611085274007
111555907116273110855509705625350273
328488757246454002054131452450848261
341602157248135156591863170588977939
467623061645855462511969187812281581
429930381135190812200412472095478141
978713419514749342389103095847330643
514834684901423934699457873942755239
672110811244639190744947822881738361
480970617792767756826677780537632247
888791017365025685667208807316709271
922883215489655092206706197057364793
993276319908312065033890473790013981
591976410158040385935741091759504001
456036666142359208814706933564870469
137195006388462162458040803858770999
238074542411120662770824920912573757
184918839492649062428787303549692423
969675666454719820950318511465342553
187010589936353894365675712507839703
648493402462159772164162174505760583
134159756021491318748601649271004617
229971504764873313102577214799626777
965827777617304795970629671835358701
908635799813981353862992321240658657
883236120093268294401632570508340967
783291541885017920644033582991364727
785444293007895384241676201116164389
497191580411418375274918074216466477
661317971043968539516265251502947571
754868745131514227661449798835079399
174513647247676362496550414511621869
157577864593900297576792311728681503
323388561993249270229855038955704551
773903107788524172586565044867317151
305425379334716050243340190033821873
854498475536810479916701696134682553
598536992998606556481365299431951893
240826311088127463977310713433783991
661632693529048097248983840878338841
206882220333434105157904148075994199
226781122188086304229995355264284217
714403435090202797768916022661943603
623911191854091222680540559905100389
451187242902651280104287500591935437
912073350660462339821424000048362093
622240298682379480827833888263493699
254063029866417041797094903190882889
469564371924146434052873913961201597
557457923765701646147816463587548231
770323690194483864218714677081073407
530884078359954151417998426760920703
333039258921937447645306088310066067
963083091171146948475969835073889967
336197008004628120288724456769040961
476874567716312901891967985787596027
543873985739123347366427397197932787
787546237726602854758615854751649737
480365790447162561128475358615391831
395432360707124958048062281215563917
763456651922501164878325352417257841
814520277671265074098651433202936533
595973974587546764088339504938419987
107579584300427470890121770309876619
210965821640713185773063142376979299
563249706538655131464176616497670743
424973466029595272595381318812947547
902093238418945718937471585459231991
735189948151584437643002671844623169
184212227974769934917106258046814131
797220603714800058424510386644476931
667118137781335748507187579606699773
363498589121462899925244805832319901
469372270558671073775702286636382643
257320352728312837928389825703476891
463928683091292013308447310050923497
149547018887198043825493981677078829
934171050327061758234787017454572103
966340645355710362631810432126429459
272809579068759408108588701502201467
488643881370421030130704530178078453
343906434845278226298546251016779717
992410316278670837580736870625781269
191247698423144981938388807777763107
762181659636531739083793431353663951
828391371087609780915099767580337363
506939713331342044360092520432813301
962927100919981905561617321080636769
959124413743593684779850954959900453
289044160990396828592165119279570651
372060258443891008634636662989597583
969788446209018850140032381215687051
340294637838237752046340334109747329
487752348091654858602319082988697321
703850704772062657000576932943185473
985225237180545595035419117885306717
476812595689181828187651063044825471
247862438733493166662939341577268489
442900616340601269569016099758355551
644201404330826109623690976722999189
884047126531476180267614202792619061
358533749217098961165713273603756911
138733377993307322887449267142698473
745995324053152568014820765727957401
913369461236322437116473611645842067
441243507506920834318881569983054763
290809258121716698171995537488784021
324674405448577206517450912094408731
904442138780574771482075707116078749
869097023879640080282300869965446323
406581331665853674904194141569516129
872912489198298181476288322974531107
325495940564871498707583154460548957
980438221560962404566769076261276081
554007955242912091594878457469421251
709133293683717380180944785313004083
914909357745520880875052843291958839
361236990249245234721712738867367377
712092574791277907221906832507579617
800229039435155680060287608777095501
156926667933777590852329872355752049
127335285954940743335291049201981649
743605780996907733826160370253815401
425191231954754042063228425185979091
640461360642512979791879257607114453
645363672244726081975221814010716981
233877281227973151114427768600849193
116526990198935598207111879268579603
686884532827164492019538157459228899
771130798633639672137121130148374761
841209147403814893689829586944965377
615873698551001416030336646590027363
142778639326766196592315282812997799
427494785757427968476525080350455519
263080343720585687220862526216623739
141935593274518254635156684538054739
214210966601275743200158961717277799
521620407704547975135184654682500051
322603616020790485011913348695390277
688424741556236849562519040341453407
634759850819370099969340152491720269
540174967106356651328808109403107487
388683851805625450239840158093997217
993102802670047724109863198449370693
210432355511584108347148012647687199
909577943055093032436065356375281931
649930083860147406339652731236061043
730544626125487499842978828410963343
845708851851244381317156975650214641
148854654220146516178150163812590707
753840997167978916104679972503833819
663348637000447540741491354948030287
470764547873302370449173558636899219
989096009399920954390509689865313523
520670390527116550622382367690224049
882206967391444669431824157467427307
590767103630616360594339950124836327
586506108577423014188392445671536653
461863372690075168580385617212751147
469301613701140848230736165892356019
929866788624141076788731032698281119
935028545798189254378773767977227413
594212525518546782315494419267889239
893918542831288958655473168432169667
781639920767783248408902437609132507
365437078501113752391081715354124173
581898544429178175111349873169574851
232315489109484262107588120883009643
813426432614031642780722692712723207
896390816697476268337151051633861741
900046238486204464002493011695132923
557360374258522400283300968240423033
604125880689603421282444175958755663
300994628268650933905850603365314469
638849661266324180650332833722719017
910889334072303538144736472359139307
173408137983326047059675857587314677
302148578742882288103362088142401363
127655225660341920749025563181679121
533098415914766363722025532884811653
487364877196501919056342108819263463
969929858681644611552954857155060567
443982888162861395200905564365119429
600305611327938818730421925466322871
101165788859750318690898989202192229
224464142853185631324836576803299091
530707806472023884676620929279751737
236895723161350207941207937026830929
127900502936069965797388930213060247
761731809491222951071332358170892429
536545362280433989228474157336234479
382155904558225807212460181712911131
439165919764429659700792516752402883
787197759989135837721179044555817321
810937642719245655490431517614963737
967674515436963084589708430071495519
811003550512906281662743871398965233
130205718046403164220173655292750131
365370386969566876794926243432884577
360654606197946978355663373889925637
177569809488730277558867962481435507
482322139976042329247035076463044549
385327180054041997062188053462327423
440865064659223217143827813448630127
499333317577829444287688596520566127
689468036821543522289458148578248599
659406593052018679554527526759496301
452492573392845779873577722128042393
531976099618876643528532290770582829
492056823954500630688726413560454683
435904660054095148366067868176044141
174193167760300834473381611136466067
659783643950066955478489360840808303
558428905630902971015638959443004641
306656303599391396096361338134303747
903486864714872729572262233132658399
233340110093946822777787496929591043
686890092079758933248891506429460663
382519736776632928920431246632713971
474397900328700030866848862025968047
306022056691032907051882914202970023
650911857233987499168183307222041331
229575086620582106749069309610249909
812064083989843200181301574832097671
804553166627791996594530047861163869
428517992154711866822920405888147067
768652436951750902541052203130736207
297580116155421965769189800385089249
182879561194305937143873040951191161
983203864556737911504557093327657813
339386226527917516651257215502893933
329182778210859999017782676324613539
358376727822090208264647671184034997
688892124416548964637971514178846789
849115116118418030204388587038669007
477543849822541471709661305333775257
616418958383635919948860674626710381
139364034095360535671001446477867939
883140929582974244689958447582284031
957872266862797947334523909912122183
970183316673228662908791939257710873
945015557275960022400258474729018029
101582586323954807209928738683124497
945604996340560826836204097005034861
977019992254111085678704435232586247
812234564971775556395376134733571541
840837176457793112147122304338080223
563199833125269818812194591219750383
506412586448359319570659567658448229
350711933884939426137692072038543889
984358057042811044063631287375427323
804236185097533180872261130940811083
816691983023437889715148383124742911
935525443522667331556303559872142017
975902298353948572020882536477217749
906756962603674325805604886140921951
753842971649139056322788369287343537
940928171486062479508610747827871309
181198542552289112095508940027376969
101093692030861015133741630860836101
866218736960129234402075909644917187
188313470521247896217048921175583903
649702644789374331802438679068397651
144419843766072438614098844749962581
816023604692627034768108273209706811
727057118500311151021736987518233727
218103632679509456653226746300186849
613004124996898468227287798150716147
889801201864761457475378478631102261
989428518743566446829817265879322907
857579996986532937612259890805790809
475435379818543563668213459288957957
671369968990580238164741543189639311
942141986554776255268891780453008389
545008504390424173526800952955361519
623036154271891210925990351481243229
806960395642415286263833774169528399
817198461621277227554975976082036673
805508138718258165365789164135730333
748741711582223100824910681888094717
887911882777181875692629327198602871
889900321633749750210634072088551433
664235375377614539453642981986136503
607700887032466462200006365614442237
620426749872286170261572690629864511
335220229933388979249727516068044669
519386469144204731382339927524332249
882034199116356728433617859746820353
157844674275210580008954583391273539
925622675832955993769484778960511431
795190185849390719280321277021998967
566231099087468006870338069322486323
362501942767094866894522815797222269
435410733093900091810967091783888271
586878182764888599220178155397857223
291313946770641068020479090954105479
131595041644562324769670182763218119
390736404426336988835578002532084343
226188176913772858439954388816730001
206593389924988788338599546460727713
291933937401609607512465691146036961
933820569257442553378728075612147697
879886270232779249380620616455322631
648289775806125725534524223286394897
774607019354562116552466260042969387
127540415925177981641195074015583783
404220620966277133432830486026754467
191068914677965088093126876036765713
505687730719650990623863005533290297
583198351128987070287324736313230619
243416022362244325331620428379941571
690761071566491974758712685263579907
378131411911439038421353904249739599
738306506440689965059291725008116723
322204232799880027539242704485513109
632543884247247938252114506444487443
127196479383048229917609696107756821
861400263350287605287390281445918881
271351995159760639411978195346584397
161265623961789931410668272160724493
768564750978127125473528889334928567
340272328141592669019034292589585041
215035378303656076138231572792416251
954007664577586468745122840658027887
560005411265411301844888875296660371
915357066052343127090539217269030417
627314722919606009759959082962527073
925684218482035920816110438023144769
438502609950183026714804906138002667
617217961830574331271876555862376951
421428749555830302643811429965712251
954319909229799004582504709436453719
241459173093898043173904765453028721
276074868808749474671689933571267351
769730619433510497307597196172405133
370144665011957287417954129096979827
827669687570917600225418301044984843
531513095796577475063991336748612523
231736613857446647006893984036864699
817574976903720184616790505435072921
152624585404727216890389770517806699
966981659845217141405873118597183961
772367828932680868364952162718049843
255833424670383178019733630803185991
896231571587069113143542037282579733
273956226270635528019019098555893231
744016487533307146442117164306355287
683638246871350028910265526008900813
673222288242996899888093448091156919
862689743931312032120351056563754859
829630077787439856939086554740737551
280830471222591659868002298064790851
752166495140597110324021621956033161
878998959377561428000716603463667363
557508895007160263132196286166065249
187439492649843269632235938235474237
492496808585600099131290509234274611
245807769013307802102835954225974217
582904133154394523637422338951720343
202774779436986851363388343642256339
302163121850142505615601705447645941
227589384523164197439183539743156123
809649583592853368047414078748335717
575356247510891157252582926878159261
654259546814389304527025966292821401
670374526211824044866324690525332331
127448369287637360711772538227827743
989222478521199495521640440902122617
791916893216677788286487048779440409
149025091515800452030239583558583701
868133157758544759284368591405568807
641630056511065326953179346365195151
929602774239337789244389596597576947
278105550112482216205503982539955243
988149203763348502810900740337977781
598251196883354560925884188340983913
428060486203259883451033349618291119
968368113695518460642450486293882247
951380591621330722520752836544716131
745384636021361307886824068760898783
101878282043207373218469213215217397
124397724097778002620127498087501837
678509240731820940695668129437242717
502284818451168102778379760169046093
201740569488274604049589267995511651
440732579390829395148964696136075453
888543332422055248852739515260357907
525362120137849543022220561153826579
863631655501970146008068393025304019
309522336354309254560600578170329007
107901197815058324818055151354515191
247679420318241358027227011062305809
699933003894596663769723802110771391
678228166535457090028717662458499491
305652869620190658053488573594293479
878392449370430797814739131988852067
182360564098194492849075087898472753
905186858132159537474794370042135177
946464418761052993228274282962560739
180121973255064133793958603531614303
305119021110140675533009335190862777
761647863051951005733682858720650749
422846890927950495795583184188430143
480598714638471974569973182458218411
568543690731701863876044351573023909
173490578662319074448369638489308763
880349113996999612427010424631863963
120582241041140923650191904821095069
930862415990070087462121189090951297
105617093430127682674128768819897367
475434372715949628456804258311826757
808285565284283593488479041498274591
950267413228604642905199827020541117
326582013861606181270066633388162039
787858850317498113441407817576925387
592711709107368969425926843578351553
883942533249379416743860260556813967
114409319784918454126502858155725947
721745237122185632706776885439734477
118951570130144941942021241764632461
694835889994000503160227019948395539
103280975035110003754181596560023269
975208233405183048769593871257189511
454872093629575998438515266113071797
154101411601950125495941560252769163
819140909787950765835183096269916571
554856926350011102761531122512612463
706736021302717210840885004864019677
802961736882875358607651387856825201
412982372068145519931415237509617209
697776872026157383553729815174937141
626726594822817302345023520796995239
756619354830405973091684148529714661
182321054084112632022779122384752377
549796876608849874433450325080092403
519137081180816510964816066350740867
347488766974314259589801795108241551
529070555705857068916054212605893013
368682130778835726333514472111887871
246243321417005240948090887234547453
357218866234651633349345721904040989
922405189576504239567097674145223657
521450024202426638137701205577133533
167173240947600327566045752500843041
110896064631562219113145976096821049
555081110777808065302890480333687661
127095875278580372808810406329617131
742159636039918473935127797287509857
352148704524805951999992059820530899
104400382495337638773398170104320137
822058054913464124977865316517831853
576982002137284832912422428476376097
399083631145245982078767733858020661
362399887114726311644654579862772841
144357706041740061071149581410260387
155616237263681389277657021683001263
578782774092701888757249088265639801
862708176550537876187174479541057903
612510682836593551267481471451809881
278331928359796753006184528439993481
382916121670740959808487226000717999
545377398475803261958257162914172107
130886795290604975645032703536109759
194324890571232100717893548565381319
760696124617992237186457828821267181
847915941710486574674663033019558641
167631536389742715995327772628588883
485577519335287531761722521870657297
334089712291786882173809925691206721
745859130750580253011248212758069541
994713263758166252207355927764685623
729044269935981155783330132102615107
711561295301596365722818219374308231
133132712929493728516929637941814307
947761140435799476150755686166599069
943582179115892459415624997976992187
454486447563811424196288485034450287
270458236340458467696203183946714841
825051065768190052969352036853938129
293474862364778277529419110536891229
478832508935165423813504578954408997
505797509022664553677523621397136319
729331276589849332058640668292928189
849423128349123456356548136198836781
541142293417499801398412822618294111
246116989686800752831904124089025203
732699847693149215003639206699584659
865004115122948057947779323657387527
415486988629074593362131541887092713
174006789404113626082776423261328789
126097656316546222731424461454587443
282650854419606085908679715571482179
561476151050881848317341997592505747
634060690570991788226080831752169603
899675365412747716447081201981906223
612100388181362811774651219871004611
321253497989791025033342949033795373
559154494335185525911763904870913511
335358356855339913290954368234119877
675254452915033583452589907653680351
492111992105575602009354876080380661
375217750334379434142433581333085283
286304765034668579784528112264299899
720628474015183498096160072673065281
168971789942658698053807389528088141
929460640677958810182347706190508437
627696616939369236901990112157619019
714476634003869820751843593213483343
174628211376044979656571070361290841
976928869115992918358740945060626061
393599854810810416279425877904871441
205570638042513615431147140758981953
810886969871076583241645948732192501
760981513594243114444924885433026751
874149002129862082640651973964041761
431384315388888196313746336727048357
303297849021994077263026706099130367
199304159090996598582445958590745311
683781351313472393784871600055523799
745347186774709863719998339855150511
233667480357462322858636097647396721
576188572777133714570423941268041889
371970283146695710285667395566776633
654116959355472719041989474631181707
475428864752004065803585375935817451
850787895275085934950587878428771187
504268618084152241355222749596214177
482476952501742147248411751668113027
800591912818012272840125780567939807
558968560162416721481124965234032463
521863071481834485204833064630051713
235237014603162599149304613949206187
794991189132585861755891478080390741
722900808565371027670308824188435579
829805110692568309524623259268774981
233959862208638968432534282578553309
957572943728527673684905094614089679
631337915956281605971192868331708313
324991091477582372670315904781396809
491235703991635255204670274744301537
412605654051473401352233152229908917
943949060442865646638328974592366039
136493708709951032260525452070418663
977380928414943559218467079284854477
676831887773160595104162948673111969
240862240278640793530346874666770263
541234168750411417539466481873310899
497142392307157832816476740157555223
944511067288525371468128343632603113
887264272339542387277189557785383321
600505506237222718544194934822165707
329124682295232063725923165992310399
619864121213347066208802487923683711
306928555344558888977678291439835963
315255610574965327210308681600852509
396208900678855696443072066811773391
555541346244383298909329295297723049
742821082674549871289234453664799529
926368443090063604482250229385872353
122095633430917501438266381191784157
284707329030271403855760171999214267
976082913968188318254677793360288211
155270669386597132099553419465885013
439894673121597385707770663600772529
637774249693940477526702598333005337
945114522716790900631458352235249519
485776865711169232721563057741392869
639409771020447464425912898685538999
303946268004409039887138241141135861
808340638861865421158450007456645193
853291210464378184353527498205484969
489990321029236021221593999695217033
172741865394638363616152322942555529
859069464563240645377809310389997007
510902380739846754816868657284408899
785318621931769728079852392911105483
989973478207174935893713932255522967
936239480018628363518684753709882359
346238431628227058230860311995590061
307106116025744748716683728333663181
750997729332861520890730904273212327
797017027666322700258233352520065617
449305927217922089018610086371188671
935979729593497207182682397044769863
530914193237285954788973768386984541
111571569005606037814445819415926107
584455891602835712521963092858454451
759858704254001698500120366338772943
745425289029094469718993103779377647
668057978027783587012468677527532163
215782559502558174754492984356302921
969807055434420650288829853983056911
590161107465300576680777590764981229
557459079678713673827193442119586273
931412557758060178402897800262019321
243986863578221728727303429561347771
970337896647356454286179077086278331
640429707559851549293889504561928813
955564086920264778800194246932566219
736486287015712224080486586601700801
571052424622388661510796873619826601
167707587954206960018926443325185283
692352424776974952467622929510199467
929626971941390195524045966142620151
510919646421768888025189767231673189
691633339510403388461148974900662529
832103939517722646762067343889067363
288154920686383695745903970794435237
617977962729798792944320740878508863
801365761769038158035246005823292389
198269050511020000376704346271254071
464445231537851073351296567029411093
938654773421500614407525314937326417
871668336261481535715433923170846053
533432521229240524915984725346747013
592248846313880525333799641896207241
175745364677068064252872630466332997
722929279988969511987549829900841669
138457119700576741419233835914606939
574617971714160252004178953614703837
377399312235799669423553115613337971
625247026605979902215042472057388849
681920674664390208499125763674898853
551201427854633122617587882031046483
185807960425706819638236184498831613
706316498745922216723420099823233229
193623612004168779240546501160214293
520416561190350808326297902216106953
280445793638027772872261309014913369
304237546697876137343532170940003269
844035772752129792858500604028811009
123141453301535868595543697569848823
787136317256398274330452332880943831
722426383781509711792780763912476289
404698938892963955943805354916956777
546546742224239117621662168852545947
292562508653763139369045226059820713
374983659297295393767282853199587411
689978192470147275174499708998023303
169348244791527248570511322077510737
790214047404705403250375350409852021
447100746368802233096519787385384541
805243908042954339280772170604185927
573019453745590818138917642453988671
255895128821539744709141039023069561
118901683175233137332836938595030477
614737106785579257346633954989181957
979621859320406263863682494453754471
117982254188691180730894885208347489
265106502667313306042046305580378259
364102052363662996924783894304891263
196756597511342773340585930262733577
540657004572550186359649573046700907
977630071193889159382468670929523273
502266657910232365309395713788515751
710374387450487180141169899205142889
663455414251237030963057619823583717
792895222971607420875237735900026951
358820323948028009989570881163049179
723078855984435504283134151572906623
196643095040876484900920417658121279
925446748332208488704537332782834233
700134809722831365698675378740209283
207986935634396975442161076712277767
522058324732049557532301320832884953
275291206293312925592656743785937397
302896284920894758177515547924931177
719688410543986352715955986057164701
766110576179333750425721059906286161
382038107399596741323930265910597879
372410617481068605027658577597698237
591389210734938975560763597190873621
970317623968640684675922795917675891
763610654173667558785463880436053247
302925894676684653225326488746873671
328793055714727304305854459554649713
593278724893045147218309780703519669
695193147350441742001357440510428509
451497640905762713316484147395065419
673307538355462146708017613192033139
413193157257833326778579979484933169
286119001965238780480408800935804059
817318062760721747360106827203484057
300475919515411978357057496118336133
715216879284920770419052777258930909
374950675393633006540904279390368987
310801059905952979547222185579332853
652147685154452990364679755700597669
401277448480845902836908630915180181
584417906019870324274364066421324383
417968718523341678634729902157051097
569771257740428094319323808020820073
991828220789723923463433975744432863
673967839023077590715933686442089961
930242310605601820059482613445305551
360584211601079991336029693787758707
668231379248131834095482579298921371
523576473087147813063430900720899173
967511587355194239501772592721257933
404043107317627875370028957467557139
822041064128771835651130231776454759
577021350743430657633811814719910251
733383240792611562433425967217629507
947744092918646938139890649533795601
857877684869797064056491035848979197
141496335516915392253629656865074201
582942050093742125145535794155362697
567065516256995376063865914018277123
105648637537997014877998789915536967
368389623987768065062277805879145511
785030325182306952109064479433919307
977040314569421517173657992687412297
572144764421479732368023458924909843
479470343460507518434944436181341477
441595725227428204549054420802800237
150560687469514145781272156858980123
735607451361723321601700980410039887
828056425529596092401032962783314269
325258911354759787459776237873054377
601112574752989402834807216440831233
292210691171638253930141057463511591
834099390213301529683809113888283763
565882302266998617679444334267713243
967404410023718525761283266761392467
288418746303734454816309096292611329
434509438753338600833706891906635353
486003945613537982780962243019910953
298124183227929941485024049777758309
815078785625095063454331481983118721
230335131158050266481984510630096111
948573766411947605506447284645401173
934127572546373365989952378873247197
390575000132157195276743965752743209
787433883048368693658547260229702373
493258828070781777920472677785256381
533583459664764951864286870556716411
686909438261719796445691329707559991
248587759075431337553592010807091389
390331961885377820789424977097433001
858406583687955912610448816777667079
475580468154266035621885854954143227
389848300973864512141870723543079641
644473478569194842513594001614309869
337189527416429808303408596735521039
195228182574841887103188474400154513
375881516017466957370716450394224323
124030809913642203857958583330892449
725217607613971978101831865533705281
537216261639042619970305141774118263
792238433211483405325701957540152857
279973844237377052274274258349182061
104116820705480253978418669006223777
446624569138320397352709156029920693
696606418153770174581564158653715123
996215602121195216813730063705407807
148985688209245895370711727183320017
503238890785175369957788129715914363
559164999828889075607286585643117301
415122621851931619770379306669923449
313472998192905131672662814634065789
770962867995151874273001892398441551
593286489535235667725530099026537541
254768009737567073283379115908760513
626409081680213893743605591875995989
252319699330879277627184217805472071
740455048970799874399155100301711171
421726467296662246630581798630052037
448331966952120062613771610569538613
995522471815114915181217480827840741
447791108189229903318163694408124503
478018870562684857462279700641170011
278458104011190388403701773025842551
923772984341970842696670393038159231
622053794912732240828579997777578453
769723482936218058773462215146529447
507590781626951294876778856086293419
386543888606121486484081036487901073
885603523465804235218807966901458939
407918508415777700305835897211568787
584532286772784933803715757167537257
657001619785693643731669798326493417
495386786414171643608973760444042043
274048425619829351962121063270372381
590000432628865355205250295154439903
533021148768962729972209246492604029
291902202905227034296213347141152917
707924863594668248671743185790328241
544615615072821080975785595566587181
431007720392046541220472365202330947
238770785398586096219953404244954849
330809979650803812391408953475410557
856667821416643775369048122564769471
390037767373512276743869437681151987
408742092023579049913061459690098219
635704942393148071118239205587218781