6414113846843777401301440207422653549
6815431281512058566331799449571690603
3621717559729398362169293325506826259
6391490528165311434627157050210515021
6868507558514037117635088671081951099
3332230673412606053856106874627905927
9912198238907815840853299525698114943
7660240833896926596920303483958647267
4488333345340743406225327212330572861
7905186927898541650186224840676354411
6032404591491541655588214825508842463
6070408320630481963933835521846365491
6260691943288689928214823912764172541
7103190517189877726903757327228971227
2076219962022442107716321740333537849
8428552270002710859370064737645279087
7687698363889487229377334605069827139
8961055285356683924474619096453318601
4199253311253905680093813269534116993
7753252383322597611145337083934564767
6066761188413131412304374657662476399
9980981041870622050984689738687669593
8216812480914452846734812977505253807
9781121988391538522017662115559208289
2043936349180462651431661624613776537
9890471777343742941334880514020219873
4733059889548906687207034681621905321
5396589965948036052622323213047732047
9965916710641874962620250558338908509
5379494463258992972387264725256367199
2218348848832957020550524768124009861
7290305978921587355069744879711777573
7808446068841459562025807823507463017
9889692878794375890838690102411014841
5129862770261710768219271176940307329
2903466675743165271411543803812611517
2159891133445023692586483686242050523
2561709612744764193100836288414537467
1566785043023599818380567979451490791
1357838607880924258962686114838899581
5472172233713567974803747935161462789
8504134327489535640473746902942947389
4252783873264424999490835936472484497
1199159171738993476324716877748241529
4362619325822915183177056853118472297
2827645875708752871554320625697057229
8885814385130481122208990087271644877
9429238246205564855490812039298419401
2843646779364605343946726734757877201
9813318657126215748249493415842292533
3405830676827019885855086515012694987
7486355568147899296912895167673178443
7356757543613761369798436320235092793
5205003169704222374737034631675547579
2626806221499512227403645678405940749
2913343626161082122191157111368451009
8262412824240864383980189693182328837
4614151092769953492352113740035697963
4000168813748964593874641056429305101
4285369226993554092371189492156600077
5584056979580208561237019312365072667
7138131800382400706160531756590775569
4223919024001262301287272278636462847
8499337774550006195749600591806782767
8360349683617385154536593674880898551
2323110758397470368615683361326434759
3958648842861307743653706173850058231
7677625592762777395335483274097601137
2879840482101173705362650733674677611
9580899205370094314828031426617377717
9325926379693165477983949934449343699
6428064575521729742377594568239169359
9264288271289717066176493352975988789
8406946773193181927223842394015579991
4729011517145324733167259443133016501
9470429989460361835608194449862034823
2484228034515240902240984180967112637
4895482186821937193379759983910000091
6324196643768494702163062442027060191
5355487687203112343621821134844464091
2336710775073454986968995146405656939
5045924768733003241055081231871004999
5009648541900225659143641964467915391
6834450781179864671269913401602325559
6970290151415409011883212347436379451
7375620705080699487840782057582134277
8535080087625240664400245696117881329
1408393129130514889331298050071620463
8031465727864287367189049453588836757
6894048676065544237328792723220817831
5668501747722025736363710682113599499
9429132200239899371007516242964376991
1355810022156419976809656002430308263
7895846535492863003378170771060389269
8691235297598823571624731391575624247
3809792269129012290577009614483963487
5362637309146479434222731517176131029
8937599612310764271089512201760608757
4610623438629149757598631645060839213
1628027400417904839474010413987369847
8180025787298966642869604908296320713
7769319420945744873100535175022696517
4624246957657231583548673532362633047
4686151001191520279596955846995755223
8739011536440632336268500303677707007
3103302144903256359979883045674818779
2491366006104696996122531196575730581
3888307097091226674063211753037646827
9777373888828866888114070883348468911
7034912936861536069599205241147072051
5400553995337293228385843585517873791
2469663979231844445132910214523324029
1781782492903195458502311348515219677
7204805065209090371228165957028517673
3829450844343099910955462373875590373
2045413736599815642545553542100249487
3847855460976492936800682231380631059
3429713116153678007183277871898238719
1008136582561068808033169177292885037
1126178280961652326364582727969327277
4544092852148649062599321198996723253
2099576455495822213765138749829739923
3898082711757456735088197391173207697
9420731196971637629984481289075461499
8103032862930750240536077661620029389
4503750796095749970180764534796496661
3646937968034972235381476199374215757
3092390772793542307854483958182465817
8366307725454438330943364756151910853
9290849564665817637543158704467521527
7085919237111765275542255954675996243
4509844170420393820838819692948884557
3784735069701969268956639803068627553
6323183156615382469808092591951598533
7133450407001937722152172144649055123
5308903761995300500189527057652603927
9802564785873810682009511496515933419
9565305149334230769606398618993862479
6515781672533079863737251556494231917
4395161529396073312061718853594766069
5139156111104760521536655663872357189
3209088936854761406942029336773627589
3134326372652363800986340819367181097
9705436506014127770884949993839433567
8323733286810962265332111481076818871
8678458083839078044851971799413387651
4241214272208537466372521810195502313
2401158442749458289048857646690884593
6367961463009490388808423767076204077
1813293953653803778165027278666808253
8070597711102135288782412938014310411
9106722990289008132033608956221479881
8874889870372865948625027086386493803
9791872769265481584173476347955407851
3811969447603721274682632909503714591
1244075123178434861297473348276609981
3955880317737446172487960256319321301
5940974629905941897692960445968411657
7593901438328585823335494699554913177
2590508580044963917004243471869177051
8027293286526013124184299180069129747
7120878925305902384997914791694596397
3580905878827163726183799814172192527
4751382091033481723222142613639333171
8614122399569193242000100198163460459
1990152713088699417494317472784795491
8707888708026695772399542419095812819
9785705902697402563446836479331894513
9826267516250183443865695849454819461
2482934635990960564157190808023144377
8760979649664800566340795256507340751
8927601127950317790813252716177314253
9910885620050907627332515683116059717
7607670450046890882789073371096830429
7332714428073161459775050412065707549
9285663289621897867789116197787615067
6214194072913596327592385432431851029
6566684610026412309703150585221129211
6113588514577289154125368569428508583
2720195169663743153668377277766794909
4292607242933089908985851861907554883
7415385112997929361831730988634402557
1664142059882641651358056564633494697
2407247105125342976855995858939426111
4123828003332179205842120395930938847
6326629254566122230429684273000892949
6021107182863836013099046542635984659
6933686575124827531506627629615398141
4958650259375386531922055649949779757
1076448861134127065552176827543881441
8955810697195807337488474766062609417
6503121222180207184491468069969548737
3537403767681160718288620087128482843
2013481439409676585850712349185237503
1546613471762573221441973908423116247
9096547620162656963373929094953692573
9363802232912101600032120210401968933
8129411534755058432224581702787106791
3929536501115494160484655329642642797
9795045460850771598053391098370325279
3558288171352003328516449435491969151
3298504176451729430631996867167809579
4044599812163152244682371989343274017
2990142662600323135090507413188361961
7103868707393411485296521761881226193
4718072894196133149272067369690219031
2407682899825295310236834115273703181
9579014226337755913000262507874248843
1963306158471218752734191496762145711
1773461441193228578645771429292467077
3478639343784194018747618908176585943
9479159762364462076045311348807621047
1104190609228629291849124175557034171
9898983157392993380521518768081248063
7632223010051955896834223063708452231
4857636634908083013199847983318919329
3105019370495437349429601539813186629
4625269677451440028252390148382249103
3017788413150935365729047416916147793
1506577499989686715692775934651611637
3595119788855713536085033633043761177
1134086514136271460577196600722112309
1462836728882218429349462899103291653
2096491338159465269342313007553520269
8425195485173180601343217890034963339
3177580335277850560923715387713666277
1894666343716309489178647103510100343
7373858161643742194030759264384909939
3764716645310404519676654146089924749
9070665009471246255096840070139415181
6116587761082246440205850680296487967
8734552402956394597115005756583343391
4159174647753899200008602152206164053
9399607889604617466159707246032410497
5812289765360048180564597843356118399
2571014443618565901549242041960137509
3897142009907843297068400764827546101
9116757656915404308226238926267837901
6295029251429700054473296523115409993
4449876159965146341047780027418926783
7783670174240214520626743982595917961
6602535754340417656963714721624704819
2930779362139394356402206734316200213
6867680494975770103869195341854456843
4753015730784197419094105779580036923
3057814991832176387904348957031196429
5700740707327256320095806554408712933
2302090115933859244456829531343171377
7065439577419316148678563793705411409
3230298493785620600091811426159881929
8477088681554580107859050646358167797
3915518731294729340626028823838055459
3141486050172067656853094705256686899
3659753994364670405848499815403852609
5977655828869376430301240048512424297
4381343743451052380779947940570219373
8729352206504574732876369831660213799
5358906387272208390092135761256726839
5989329466909275271368073293944464067
7332637769871071707478463310100670539
4148210412557204038754863600452139253
7450305868148144423675744466090230747
5720386827025544571743143028903031989
2536687535478990057220427784030728351
9879368969490692756388010332683515729
8002190707328490006684588210930273409
9486497753453356522435132164147414707
5094787121599374963864016362941640839
5242796928774237153509577732090321863
8515782731027387914679865817456592519
7732400315373677584941366299812237027
3537816583357044195100207918021895713
7605120473253293509730192595046719523
5199697075925618187453857052308640181
3011520680241199056420189500228480209
9560482938923158056129005678880166403
5721798974090731578400796957051284303
4104642705706358050085549396701867907
4484976450380730231214100732120825291
5743989384648767136959888521791205027
9196008214982395833862717400523591491
1923588136280092285748289147995743657
6237080692633705456812233662309382203
8074272745981935454391170437461305061
4316388445435944873616730677249969687
8105535344290025423671264414314457529
6557811519757730646261504768267948061
1874965002235334466786977989643056061
6003027247027331078740737404890153007
7090640479239556538993031764817760063
5380252237287477913480713913189287931
5425550318004938434182895989722038117
9042241227411861089808430832580980137
9831349428190762754676353895683906131
1600497315226307377469860488623083853
4585225383059790549806093078431738891
4363280569628492336687302839102595607
8160141196707246641548529928175941599
2631152749477876403132806733393999107
8361829419989953656604820439664862093
8021512718328366154055612255261473267
6038739131316126422150043037769223751
6091585979953939664551895226230665823
3402640677996999983950875949973048821
4199532014214091974788201633676269137
1005205743967682062569630510410925371
5125703590333317687270927139164292957
1039291650261023788936733001887531789
9496399982839237498463816815111587151
7840457250497766327731229761537010739
4044340102551786313876651447417182599
2914732878748888485040950023666511437
9691909138859343076421169836352323809
5278794766290378056296425122578347097
3155944859764751929263330459222113053
4615359009518055865037481994452124259
1749776162965348008907136469275458627
6665305698941523478913983328497126627
4673491242536453472919097813033733181
3712666873491963278008993863172584797
1727174705566409675006836485932718799
3431287648669041965180385256598833843
5636350057028950556573650601294629097
7865554853152033694732245160418796307
3237802208961528716776614583946081773
5934934199177596879948285166888943829
9908121017095082157482184902796313427
4826550658144032675483955869227799383
5990910428855080782321164616474702173
5449608946472233715200628453313509377
2843550012035740553914224784625764631
5541632102889989739493018391419301471
8787764719336677743724102855999143767
2130277065840905659669443564715965799
2923723666350544761473134455229276609
3640530592431746676204806707934458831
1895721767054426727266044354714228981
9632337650928638296885613972188803049
2774017356788529912959611365535758641
3374074680795601166969013970713938861
1303278250618570113736494763590625687
4447412239491054380926432511170607899
9929634276656985853435762600944873133
2635639011841605949288681558206955727
2727596869068153376320264396936960967
1840831326979702271064034731922521001
3565526037430798080337418964645285469
2323235890943921553228438414057196937
1551788004715802529940628272474006949
9882873502508163179511134097131238913
1403119252547669638381605656621701417
6007832543608306269336134813968397917
2566984943029018811893448366224613567
2887090297847385018133293381431211181
9311094627020898247233135869634479153
9799258756934578241651651762755866881
6201258582078104167265792764379752399
8509396314710264048148715508286426163
8486689606837693313126175531225486619
8531918554224913809884091649229890027
2697474989646442252004923469112353641
5137410342216913011822862573191857809
1777223460254040727129673516344128083
4952594915726495931371023869189784901
4026406219544664912321087289526347429
4626492263110531781346732272705442089
4315560138132166359412732980443664121
9786121974892705082950161895152091957
8753506805343931136686391581819495421
3291483523549559767530018050175383221
6404634505523452084248051167810659961
8540768207795927713450118895291027649
6419565186173818910604048770129222801
2934217605096237144111584567708026609
5696502861345160039194886635450284899
4624196032743429052974562154449206767
9182015348095766027438180456779338413
7414716958646029410797001861803858269
2737748555526602646674583902288421269
3959922161487208805744465279606812511
2561327705252356928649508719823507219
6984750198426464120576221198928088763
2493408308838655321270402035277682879
8971932488435712269545047444014773579
5070912397238675857416713445057446929
7982511107462008273419074726929741667
3462840498214370673368224222395133703
9754112172893690170306925496720914903
9312718043755619669861515481191994693
6021164279768937154660219107832350973
9808624217341558416200362200676380967
8356476881641321248107835567731406419
9546043994161197756014931522767200487
4489790801498615344214985988212120761
4475296269398538030491898003654661457
6988423498216751381758237329378556703
1949416013864881533036072381500811329
7361129197103104099455816924425384647
2958081090725758730427662990548073563
1575281611383382874974027502337055499
1170627420380513566422814435820058473
4298041173772555674559968163328389873
2086766821943831329247216178607531409
7046942535464444973978531555343837199
2262874237849858523819710603664826719
5751672307991335014761007992842232947
3473136753133144302388914771387828259
4498080982428212464491522233954025169
6578070462085023090863355969817937593
2015806545173296486482324676822301251
2364534723784528758121809833946215483
5459105701394500312428008754285973903
9490475796067936625637554809314906053
7725981982978900313085327793199613247
6000135157766199273541506978840479251
3715651378681885052243743554994765967
2349286142395326167967092978706147929
9177263742564678027601867046029795823
2047347174273841585765569915637096823
1417087183790048233641525552751298933
8980071488157780398577218419162947773
8010725693277638131893757341799393463
8248048410600697258380327035370022351
3343770529541234354410992013185914897
6668435613358530404654716733393758399
3577685274520077819111716471336485091
2226745893765927731762450220015043241
6623479753777078994848864084977147257
8507492506207924237922866691634074143
9553064156078836706535573435827133163
9166263157569075206447413919119630931
2749410532898730963148069757294695213
3894631720393156592561824114150163107
1520052020366357485112218203980528239
9153801664350408274256699346707705299
3685282033128595765510575937068585871
1532601563787907731290013422592323329
3939034369157228996565153264663073573
5335433722369136159018059758536140043
5966248103039438486688095526538373069
1225109434501412022678651767274694327
2450774708051343902259688003497304391
7364281044918341196992353863970083511
8439737586471638750979216495312872401
2109668297090354438712241736644048093
2529439719661545315899765663291135267
7705746531485354378092444155311897569
9344345354281801672884753478778018467
9331439167070181020978054892464923801
8937048571869196525420856298115404983
7003771853290687967831932863875285171
8643682060185137776163083315551659317
8842306562641354677874225065796829633
2827490723985844670991500386694256487
2570381577355807530775299627792997427
1530668499165539558449396537962694529
4670397762815553195396420188045539373
6755713551923474129593975547298992447
8724303055208846166866195251877549831
3190831434748994903653940960007259687
3542605031666051787340847551083536473
5254695629659993105821602352701809969
9907926864103088932676406756485973593
9966547695449416276219608054095457013
1490111927677141551161382548115788033
6153943801665634970300416538312961311
4058926221829229480304863326259497033
4998105591540161927692426393133199323
6971569852471018727895598028243298761
4313808165675925485338719043599097843
3315631531469493656548333242687816337
4942544907330797657149830648312850759
1568678545620124097456258187758782897
4135053724589767462767890397033093937
6447408426825124396513553393659878673
4511912899682594913720650052399460213
6475206149361248625848599520888653237
1998193311681090323076591166755343279
4324657512999062058582955288241187929
9410654512885124947386851999068182377
1352597728993892463177696977623784071
9817289862689496145415295825061291681
1389171700730707157286724004268967249
3617098235510192444140566806464853803
7509244351616228656744362250084025473
4643692663356846342217969919846615483
5055537200200931551158604999413468187
6162637833134266990458949529778012923
6904038480140652505626146062444604921
7525400591853737834361616633066654489
2199940185527082009746454274762967003
6588770997344707050356468297001387457
2198483566069320073405086012917125853
1494665576275819181552018221484715613
6430108605644850858042986046841631339
4889438109674663702039998169899865837
2559983395752163358189448843224390341
6866311783199760083071254015817789583
5987355823342601820780711890819768981
8640209392555626289747687185140901431
6367730225104923399127198677330510407
7785231075295224228176989378336355627
9974388269653592772291158284207752173
3205120563705275628428772836003195321
1190696679909178869227192662045203023
6184819545500141223949195638303431201
6041162417992007428612953180900590131
2495923510383607830541875218264839363
1107793806321777597946193375723685971
5884685782597501041334979537528306063
1649423333193882818296292806430125189
8529788881568154373990665698339394259
2272888651625453642773763820091470083
7422185974544419270100170401181190639
3820405586198788139779116229678001149
5135015356181510188424204535557665403
9741307634328680761614629988925860797
8765813071614341545827714211647179927
6634061217142199543589629330044650079
8346051199698396757184214655521315599
1039949948954722560709356086308937627
5229946085141523077418841424158647901
1717849402183981118383392563547677363
7067035805418595336254222628685895451
3148933243483979232426557160585692461
3520758288085818084577273945332754447
4691734632756933361806231600880774991
9969007789957206896836421580999568889
4941384922758562657365574226983007801
4345896326238671484232653682014006343
3853191065524895778819170658116400971
4949201512712582564459506102323938167
6680830345726130927680890407491769479
4763850919168759907137088306077663159
3128197003567937242541627583365569517
7983325643030421440993956841970509267
6107684309699364097914554195663197649
3063828305104393669919682772660043071
9307112435559948551513345643406543073
4994786732431139502317706044860162739
1200328078168508598839441326209466781
6957918971848538485512993103191801139
6087078350256624667070783406660837131
8240752406110246622577241157600583641
2245994284165302895151904520555967477
4206979887114753935775823158986425877
9561748869336535169052726368814993733
6489022427730731774127340323026732449
3456510740383825626419444235265723451
3364614988364513957236949570137470041
5809686002845116387672244135902295453
4355321262571867035724266722112748481
1344943925633943782029681116955305623
7025102357435193983061685325911264987
1946092317340230484985123480347375523
1099644167099496002905054810272454453
8302747594352265913827102937622649059
5024924363042550747051682128409838357
3251448329356013972795223371434040101
2498158646055553310240009404863793339
1435463587844439190247059010777867837
2789507371952302207342696627993057763
3603493757690281662801059560774684229
2685833140139801396807640478611960061
8799943835395087720096747357896575417
7320159810814916161861709983315315189
7334467962949639017289588797123062579
3478253026074753452159992372310494309
1795876385907899291707755134665200163
5611002872596538169014572676365743851
4822739753088279863278453255649025913
4723986984374445688494325033411462933
6072113108974150603730612986618494061
8762197580843122761702405451006561987
7263409301949156015501217611401963933
4618419852275807498997282091412977069
5198405017169695730043461123226821623
9420277889535516021181523237486869891
1275400490516803420329143772691795001
4484082183668075370482079574631658119
2901850771562431681083950964345934609
2897915228176477040076996425518608049
8577723094820579390345747428793035421
1231875545086693011279285803274868913
8033386977671053844062322639832720833
7091195374645487711520774438910536397
2839066090269643838255718691907833079
5515521931579434359910453273510503713
2320272614534900987466775563576640909
6724827075638659857426846985653405443
7919296542313707448967178918866422961
2798437173221947688125230994170702263
2832974528252691939840645876335707979
7171996578380675378211048461880758653
5227394179754636195514997318471580669
4154655703472583028403870155992382169
4264772034334846039224282568367569453
2692957358848525074138532123017181309
6670959108077332605522866333864785463
7690426967363947890034858406145859357
4824073295535054137184152307401829907
2784352712097240166973744986901518819
1378444291308743475749860131544972883
4108225643320752514142847216357285281
2525473414804357114022447416160547503
7688686614240147026581343178032326153
8791404455063676801706900950168756271
6333261017483897315844258813645194069
1003416279804853779593912047844208209
8558549142122721856646443158934680457
6066579001871020778709677999700080653
2469089962177115420242742294095967041
1465412376495701302270815789599228077
8085004267267558374494080822307329807
3457307564954352760614090621559361099
4877154360148820570422560398969932093
3174936963717285308882227859373217489
4240404359410089911431349616123915313
7864767681992490305070541485205985413
5476932717200528572111085074539931279
9310680352656250269856857475038042473
8335083602017887468806231099813232479
9452045659020318359653754971955913961
9646344273127444826885974360008862529
1306359150862361947090936137180428377
7840718771477871259441235691256184171
8921075321840245099168183889880448373
4170467394306039186509660445470719187
6181134733334056581035601084078601051
6654842569922569949833241008844683879
7127071188046355225646257204881963991
7974907837432082982156528605686467949
9112664902173285682412137780879125829
1171284082603412514209011536501297691
2941320671340853907635295412812448929
8816360968654492732653320511169327489
9790091136182024146838507510362402697
6573956838943621275934824406594515833
1241768877601173841420026169704502063
7056057830692414329135174603286914493
8630520704064934242806763906164615981
3071328534758857168062281306548630247
3533393457234716248485561401939814751
7619716385280758364882199423896263743
5460018172758022722928844982892813837
4793510755973880788439131042636360197
3683374259835868640382448613423115467
7988694603380229733317770242365042773
1727307912749227517140177754261810533
7287204266823200156426875784296404593
3757058925386695674887498432076169097
8092429893937097799556053763651514669
5640325014862519350386469733532205443
6966145305445183068297695590246802777
9895416901616734698566919719927331461
4563495545153588134898505813073119359
5995407601200623189652505248128847161
4689462554978081874900793925602953383
6707486681134661281857001405753549583
7042760897800177449246359945166020543
9659803848748475553228831522695081587
5409611426884768007040552547895374223
8690608137092247438331498608027805703
3923470258662063630455129409027867059
6530692262300125102238529145601221841
2420485395699534961886203764771040609
6735558120359651446175332838910564727
8283503744467006544850707555370297377
2047636996674134488524777168357845657
5020215433653292929592301165058260981
4215254557273847119947631023235882427
5036701000381367180645928815655061997
7547853916614844949268578468459423443
4597223226620147414022724256664184919
2694651880207559259798471107993494873
5358544060388562742431464653399005413
9547383788384435832999017689225808611
6640381308901247137694192048211700967
7723375127122779402995804646857818571
1219901235417158953150801186465708007
1465031333296407570819218008276412039
9226103638214617273416369368589160667
4973955368281561777460181349703343479
7299081689572562976398143193174194607
8377124396640456275975602793673780401
1904865556532079901517290713610734361
8549485764976285977021146058625078811
1498878040500129042954632434092357037
5170812413862047325440131756031040427
3502266063174046037479050548162790619
1925723637745834076644666012169859091
5419189221760094535293579136961967929
1675712065068572750637781495156184513
7813481176824509526590653790584590847
1897811290247153012177965816514921201
4352917661308274476817609839582942799
2212372287793041585994543670435352061
7945559492405317178393058759847774453
6927652131320371419230232489426804161
3253879108734011860947575089451379139
3253965660096793086653152091045784713
1578803266796021864985636507537468337
1225266117174449681295876754698245779
3369374504793138861177515346871079873
2848156283358692700228966481897190173
6428095868314225811349530583748614889
4403360923392387552417617067785978939
1574880447173884136110338404188924999
1191312957759113694195243585985603073
9118029426053598773547331117137677779
5126972884843414930661052942063014767
5892277524818287330315272382827108971
1906993880214294279430806656479862071
6407252532476871150098605309055656967
2059154347735482667701034901013331361
9721737109142913311550781587573914837
4216645425088076138801512660554511073
4008072462885878222070484819912454257
6089928649307646947582782146349539803
6116541054408115578642350167536931031
6814372014993600340853543866194329861
5053221591658169832125303556578143247
1911050389042726333986994032189341129
5080528979829132790822922769508893673
9891291292010408281737869382932352269
4711783343817502944111132950453172911
4499386116090455809842447299825912867
2406229757578845354102398172633384811
7135076369483663947416545957076976259
8932114417055899654839412118302840819
8920703402462332391500389264716029067
4102905221665645418782163655283746373
2385315848209482167648281294172369561
9499564292043293701176491435650279619
9426033895977375776986001617190475551
3729486895905821590665054968608004381
4234645233843199225369259624484250003
4325924273118161855633508368440950217
3089108881442382960734324358623727859
3079611285824832750125643447456401701
3747759715053331362147990040778987761
6465604723346507836161288622743822691
3766932306017085205510753665740441293
7295429291615854038094570271150744093
7075922117915854805033760496708448131
1820334519034723589465108835639521593
3342505354666058442502354924306132307
2860193974337729090667356638625297839
2635196710664404167417045634450882111
8140515552931757653801097859392435149
1402951310380298292824480478661383863
7247819776729197678065328226956176729
7943059648574466664661113428940971419
2974699074165667521375793198395520799
5739673823908940213419086704749842569
3962933279087537650940790061225831279
4559571661303365277922393387765918593
8451685874941184545136727883562685463
1189069267553899425378216247717320779
8496777231523753279253685018793440893
4821028049486868300299311863638370731
6968306351026760568715424644235651089
2050601842452726879021486691398996029
4886506025187846036027288477249583267
8955162541763288523154265546609074649
5046012547767485157391326561546576841
1952421107393934706018413591991794851
7969016841211445989490420947698851029
7663744437160507346556627548626354459
7960756739016309085767358995310374461
6606373487034915281556566763130280669
1818712632471909325613242274716481251
6534322897115768181579566412492599867
7046602077198808796480501391001453121
7862817744536745102341167960791371761
5864761572973426710152580208822425647
1265898780341586498835830007880942039
2973780598389326232191116607512158869
4037429798680589290111431323950111447
6903346695171711059308311217722587543
6131840881455653600048808619493434907
6378290304302175444578589091767565601
8204435529210110767879353606360661841
1122281412153221683654365337592820251
2266891110540798620399721969796126823
8726558219917006705070830696933478179
7118365043280770063546175491537392861
6093497799009928179297908106278284037
3815328290813941138592135853457619233
8157374982900117890875707251844671113
2300736749467109355886725161511458983
2553448962762213564444636598614497893
6057473545949288614565939627167523699
7392235559197798170725926255034166137
1035214169931092024291879617220800313
1788447560545560675562736558443094809
1967702819981834739787472816935575371
2353091164076920433178936504476070319
5165410025746905813040987788699355481
5766362771591446747439584654988985727
9796491875726785360835353025841606131
2637768723870406570264177789979184611
3104134754346567553232885773721842627
2643366577648867833242229191435580149
9866973864124966632507365776413509219
1505518216725562082868857416495888727
2749113613104620679008431554421075003
5226646048138258778581449762453235093
9704040650543149574688997885569621401
4128227091787969688282015271138360953
7921837398482435278669597257835011259
4252641502370338124949918401656512487
9818075056154323060349622859265444651
2896471455465786404710190174377661831
6239892541454955140467712444409590053
1070639007910155107599646643274751843
6013051621665071805942091082708769721
6388285793210923964967670271352380471
7988484197463933607006745950314140747
6305729199116666291309219421738247007
9498883575974801044427893932309980587
8493082414926551359434443579238767317
3323836984090374074740815790790780933
5721183428602143437988627157168903217
5234409733875588434697156954240466073
1397462545918228935495769139090648893
8141272846928173030730335859495029867
6304013005589963324496448486686133957
8539288196090866935185101235526616783
8333906391167198698353710471201027509
4309699420901412694601014021435735981
1397658248098152350591853624478579903
7473514720323018560127349610175654143
3451647619467257702463245648086575293
6180289721005256853082234399044884009
9519888313353533082004023447673189973
9159855691830652132483765726108033247
7739513301785014997057370864244292197
3183997018941825578359257904852859749
8032514494038049842285150544166910601
5313027860983580410988486734230466853
2401771255220117543442332405321253827
9044820002153894129407139166982154413
2065546427722061172891989026952048239
3078986382753794107608127921516146971
4489846147621142110342410271360302391
9652232785758593554537024205603221067
2110121095468344276869813282877618389
2362004790423705902224685942044239239
3589467215792702978251365120296293967
7777328110092285058166085549869644841
5508134002342373400189089061328659199
8303948975914439418667302441446383937
7192302554162696519182512561445756913
3582222658362676824149847692051851139
4014714921241492196480874660898398559
7069054084245303000320441393692020469
6872761527846811167216344249424662161
9934133912377207943633274479837356553
3928608617856626767877585217723551371
3461758024733299128398137632040909351
2973324663676518213876610043668551619
5185624401897430530128249693978032477
7447477410903454326037152344226827107
9627545427785499002367066858852106903
1168869722449633745069347066360729943
5996238203978609026878725855019427289
7239017493282582754076353479121741783
4125204639305584332233229080222875103
2635747198773767279831743484601992581
2819931157337407741454404942164726907
8335183047901521243007867462594087793
5233199499139343506764642718787009341
8039200209220954910198671100555030533
1081474658733346573553554315327883071
3846468640749246616044252713970816673
2351628799980612798577963908900681701
7290949913346263685626381865825351943
6969237830357997656822909252309997689
8937801554221959030418325872014512297
8111103811248433174035370147527333113
2547426749502207968346074683096494899
2320924531173864064341811114257258677
6623696652086712836313019316146257049
6876170288934926801996490349487686301
2984457322121942932741000581608236379
4060850343585273005376125323757794567
8901681438343848622376351055172617601
5694828941929983684613176099248934271
9681752979060641768133943560623391271
3954673947476922972110822194185727133
2862028068040748166927550516719050969
2064879750917681493311995209542475617
1142380922521962767736602205904947281
7053575594332217016023376153232588061
9784613907022180545434481968786610809
9455643705959346859704384325246601669
7050421437946102333612503997651929781
8503434947542560456073654728968002691
9725189958777378252158014378310801347
4836968850079630577964254191496249923
4188498087717138442788114991061313037
2882856067543143747488307959314781233
4299459461130261226411731267276462809
3380650619503628086599121571235244597
1199834355416328109548449146221400747
6139824642191030602346754509176912801
8672771136336572505520194521149245161
8145264638144579366953378699852961363
6123728179459790301318276970841518037
3634241540112805001223271958734634021
2891687453089484762154808868760182191
2721630857553924553989389261453481481
7597837386729634736367058669372499239
6253827342492670242447743718945090947
5580517930454033850137778549798928123
6140455463619926556448944295819145161
7951482964676477180098995043205309771
9809881877767251986691681937574432713
8882590347430200860746467051077034341
6981848449747363611026810160291006587
8740903306894115526849808139841801571
9493011310065166150394775287032313953
6606173073566046719417506392687720361
5099847751450057303936781137400167771
3857507230377399414976465201483124453
3768853543236984717802123759471879013
1895307693509803829595833347465954123
6774464935793624916581255802720522751
1024381461749702917821374118170811601
5418302083795209137956856049587599727
1675033242477942235469284243737237049
8031276071695705124387563369781157299
7175793680970485160351996261391392073
3441528479565409147599285375008231303
3052077740783577292544374638484248451
3879850017337502908700589360653116121
2134491376197797638807110071743994741
8769111740472462462402134873198488381
1099375450391972156453042294735044459
7911618623571462217194408284421192997
8933446236502997720848663993852391123
7788266609448434321803910444812802561
6767630038115174024134484289548779501
9597803092687468099776773600446667711
4918253930391285228056169813023962903
9790759314497442978250828336325992717
1489481932574937605021702764124005939
7739483435294414124161121742828774471
3212493197250313700077406663286285601
1367983889417992453589199582905970407
5482784569507886390128944138975357083
3690828752587421272930044638069675153
6058715629076635304542456359325935257
6420822247039247804500590822307543279
1277824282702351972257325216538097119
9216609033114942866374835709052589069
6283716327768841689985181177699963453
8720047261732726886682774880635920329
2725979414046049317379316067174658039
9727590150786477351804469559876310943
8672204615645855714489876141737446127
4367199695507470289968333371618393437
4453919397386210642487824558668622053
7752270756264613426187425972055091809
2000098329129101484209460735534730933
3784156811234353175211227899664724371
8713771937785620800040640791212417411
2112193966494261836231855404602909179
3547354193058707610995480015121614233
2443612160911697671996354056047979761
6038511765106775959528916597447896691
4812728039806703399729219728951082059
9231099726403866493862785119482014487
5220630917561412638394118403998556093
5806929263639366009253117577641780923
5595921956130807273704689994478369737
2943399018430264551472826747972414519
1462285642699709613077318191088159723
6616585000486293494689038612417747023
5380831469011269787160644800368209009
6507040572833699741132878663906337939
7428237207426007315671789220655872289
8403552549301790262144082206504686909
9815609308222271318247327714970027721
8204690013754995373298780750995358897
5027801730050023765114478419643565113
6654250848318276001288184394738041347
6824379393968624380424442318629944273
8140174821186914711311545719174988889
1540040636787530944552310284552747687
8054269412486667533195890073487497203
5672346017996768459359573557930784369
8587870731281230633070388377864342149
2148035460619125984097677878110942603
4657194050077878143534443560340164577
3446352799257562399455021125223890639
3580072882922405012231911916259945059
4990133692340482614200410198168773757
6895568492654470977598375352615710169
7218935311620232891186205255378783549
4890102926707374410740253714218606033
5622960481603095355635023503916168803
1491288661095489833736357067030492739
7983768684547808887435938630438996529
1059618788623683455570277468772903819
6848618959718481248297091150504876281
7065497141858338998415275695007977371
4217648865240314705278472742989595007
8551823381341349787589973855431414289
8581920212122957660512244595655723673
1895312555173511069787432639687455819
9685838497235339310630706649477766563
5196776399724945058320546173705470031
2966856709632268503896471134381551737
9736984137649940138679410151379344961
2466357562616480583339904834796049211
4186285906240420876433337851158212923
3118699901489122583149840929232691123
9342928698707273562993379863452639963
5585924092017473415671005273467234853
1228250442771882392510513593892723227
6161689479802607248647395365445753891
6326298246518877043047311406180876559
8784087615184248816466634510821161989
9305301260503456460093157430554792799
2716737997797695455577116122844206757
5439079013619497470457232045451152239
4105351741754052243100048039820397571
6100394677933364967596987121143962939
3255190335573927603608424205515392881
2581846198577809543770827202322447811
8993658138492022565369678486694291991
7329351958710018712168604031670503323
5648555497906898937053709398971532537
1528871830234620533006896952529193589
5972125882050435172581775360977617267
1614298011462502392258279404922110363
1302336536997275035537605985339415543
3471388706656394919230558753493776113
2227068209339319750448018877616986143
6021710362338315691866822649003991329
5586915613698266234810477787442257871
3263146388756434063285337101448995541
3408732053741548381079599270762931923
9239520741836362077561022290286288279
9409568507033410211201443031193956729
1034392923387131349190240129782346963
2526385189400036633719822088200386109
5331169221518835110020017141053566403
9179591950010849086969713868201784593
2703379500213572142253119981464792141
5407717933580326428410587502169014783
4792119668780435622211711085347854629
8936677625553877697577574678013259313
2852602130791068965167161933623597623
9605575859436310090510519036157125079
5095798462330569111784751565615528779
5284846425395841359760560975946519689
8195310685859179232681820683904665051
2510235102372056073998456466876178757
7284464698436554267035089369630265353
2642173373825423781771902654915118257
3603389204920343652175354090790399599
5612155079311713801031424616033594203
4534377815138200508482273754269120939
2811691501949286001245145566196479017
8851875754764222221637910988260277557
1118663996069285700933339453237493067
7786349243542766657448362959424967919
7206796878926929542139426289789344679
1982476380544949801260962383272205143
6384147427489810793515066961489187751
1582596787479736576642005282656729351
4327779043582406708771295036221743033
6462193520976891194271592672189915273
8614650980896142108641392709065910349
1266481321596516256191096746864188139
8772863871303719440825213600792469687
4329919092821616484236990513385368109
8390677148135665032443514761465482949
8974784309451985811827580409657301909
7776766205457060854279351345584818029
4916247301054912726480190244850815433
4059524681803723464666506689446715337
6834264435649666701996341134313287499
8223897974599313135826204053607824831
2821455332840125019510348395768216969
7831128531491016179353592845917101071
4217445463118710559157338629888875271
9240731588845805538187868662398671591
3356527160638439938281175698497183381
6993899921988604254937751048529014941
9537802461562609306292997749190015887
1775919832662375766847983919232139997
4851866831262718858144218909806106169
5660661445611960289745152167716969327
5232731740911090630560739580086798163
1009619340424784095773433433978571047
3900518723458554726773179486835016697
7182322868309592664665066492019921601
6078165075909659607257901768997340833
8939369055326052167585372934253351157
7352900319792627791653223888855126327
2934891649339043338962395374376429461
7295288462294351975709526360646155417
8032585340578948810731383551550987929
4544173938487480875737555660374102387
6473590154540872086890251028858899577
6582655740007074872630456038614893317
9037588628561637657831718794938840203
8983430320280434368051367859707771139
5066464110244391216161360037857242601
4338976383487345010177328490513362143
9404480233884665793434067845033707459
7354325190295000803142981004954256379
8569295519072509913291936634307655671
9408196281461569854569363658195999179
5263365922461408349624514034852640141
7697516487576409293830831939204134777
3541034617759555370653977537591324781
9526700088795476643611021313910531543
6443879787202345479554704026454062899
6134196177593005693242885803357281943
7372113745351731215742591664204607999
5228183480559752287172576388333763913
5809750759584158454797665490286619633
7560110718710798883108808545269988569
5145998895539814785610633920595321263
9244284315048010739190531317289461951
5125695633469662325154184815994150437
1998237823246806084402964324526299981
9323069146322643649750512946122771127
7596478797940431021266129503208152727
3178708251588200456660417105914889593
7223301824194354903571994840540508681
9461385494000075881419910172571551227
5677524028143688945993705873971457363
1938221709911372810672041563996932483
6343431897797071428283369391289214079
5345890120099726433308597218033061367
5217636758215695637315697572379306951
2393134571380992575353264522572734779
4902943291795737790790955181627004651
7027625928610733374805630828901618241
1479152536000624158007108627439715671
7350051146726492557420254443336414897
2864174125973858118884991690585194963
6633602196515165467285580061058678289
1524950515795394694973910219894152099
7566067612563367428898849291908582173
5414703849671633445556952957099158001
8216715695384674027435032939584228081
4944341885269129498720298772533817871
7821746568768451031035786347593925929
8830503139169801270792377005857444303
9825126224738014357420589582289257219
2287828978524300501868577373923010409
7145165756314406767684358900359172459
6897421551045985415648827361279518159
5844834424469171858008227966637521847
2896079520324402199306174662882541439
6941066426119728280540487011129311503
9245294871287749087282609116123281503
6709333739704024842748433676455283793
3786110031711813380673331764037774187
9345354676879224825577088522829557119
8593815285019470398833766837058545579
9691655609708854143817281114813886687
4760853892743662053186146799553963143
1611307582906772381034989279661932947
8098825524059650878208483978806833677
9460633700721594954716143788351289093
2876264487316399868929999948995291949
6231397363912082468319225261230576899
4760396618319179225872954880241635807
5585921830462019407063711135232454581
1638575745142614614596885377160613701
3803935922853899005753864428778464641
7743155989938992413399767348014328781
9208135923229546193666761547119347017
5074776316703272704076698227571741073
8321091381316580146048357910520374179
6123155526264896857055120088044057737
1048814487951968486631446066635132223
6011625358386033666415773181246562887
8472319731154714972468414589633746277
9333964043761927993631803708690383827
9062818715248682446713171830922253783
7029607999413909199308005000255271857
9695360397393024095776646769891380719
8418419017477969221078868413191335619
8773424851478096286890686930382848663
8513953420141648331013474773639719187
8813361013505230447353944361664712699
1573419556680445342108494241899387173
6170220907431529333056913512255622259
9715858832437507479609059614962021181
4334898356502907046686635179132211569
5274194692280459512438047393885320801
9442113243894838960633582555347897007
6819708820218627203971248993966068821
3304351426611867137077454952938924663
6901479912004678763288793647229605563
8820922885355308588092553700897684893
7559371947330815675713125769915121399
3461150894362865332273506442213855361
7872503958958109876779525549565287643
6208697067495674345596116824524847213
5660826812035720180358433946137993181
8544195115395913643817753036937064387
2529972501077230235035617288147173849
6159830008455237752103576403473639281
4605874886709575966823587355470348617
4746454998878023729984835894097502577
9797145452021413506953447322114132341
1294391709502307441583050634832985291
1209372906565046630099068067068259039
1603522054502670232393663425623528387
5476810131334467158717945089681800323
1739479739657602282184565704126984329
3730004612876557887868086260984626003
8784853556815146358816034487278846539
5601116110609842143674769135224795879
5447101633333542378921346013718210173
6353677252176590493536696467652631049
6219211502565216734924985229646754319
3537437754387352619658130305107388287
7856101013358523895145496951710176819
5281024867929189738538325525607491009
7690035637348301091217269141411478063
5109519162011109081966410137079284633
5906652010338497888449839811711914797
2743288031821127165332596800857626653
5301550276475608843256396413477243439
4540789342443113985896824341575799341
1945068746755399168351228637810022551
2120896794586540706178983922168604673
2932870842110515404390533524432618241
5373073914843355779224602936048104767
4195254366153150989770905872085573709
7310412105479392328092892298810128587
3231012769563283330690623563311980577
8767372718108917601306121125359510301
1904592744002930624262623171469443099
6653182086956494971617709636169684343
8435959763091609721706030062321817383
5572524700308268578489765122659903169
6153491384822502270077286449779586437
1481308421412821947248037241373658321